                ********************************
                *            Suscep            *
                ********************************
  part of the J2suscep package for calculating coupling constants
  and magnestic susceptability 
 
  Suscep calculates the temperature dependence of magnetic 
  susceptibility on coupling constants.
 
 Number of Magnetic centers:           6
 The J values(cm-1) given are:  -4.66999999999999993    -2.87999999999999989    -1.64999999999999991    -0.40999999999999998    -3.02999999999999980    -2.43999999999999995    -0.06000000000000000    -3.54999999999999982    -1.70999999999999996    -1.55000000000000004  
 g value:   1.99600000000000     
 Dimension of hamiltonian matrix        6400
 Rows X Columns in Hamiltonian matrix: 6400 X 6400
 Metal Number:
           1           2           3           4           5           6
 Spin on the Metal:
          1.5         1.5         2.0         1.5         1.5         2.0
 J value (cm-1) with the pairs on which they act
             -4.6700   1 2   xxx  
             -2.8800   1 6   xxx  
             -1.6500   2 6   xxx  
             -0.4100   3 6   xxx  
             -3.0300   4 5   xxx  
             -2.4400   1 3   2 3  
             -0.0600   1 4   2 5  
             -3.5500   1 5   2 4  
             -1.7100   3 4   3 5  
             -1.5500   4 6   5 6  
size of spin matrix:  6 X   5 =  30
 Magnetic Spin Quantum no. Ms matrix:
   1.5   0.5  -0.5  -1.5   xx
   1.5   0.5  -0.5  -1.5   xx
   2.0   1.0   0.0  -1.0  -2.0
   1.5   0.5  -0.5  -1.5   xx
   1.5   0.5  -0.5  -1.5   xx
   2.0   1.0   0.0  -1.0  -2.0
 
 Temperature           Chi                  Chi*Temp
   1              2.832936427              2.832936427
   2              1.344128224              2.688256448
   3              0.914479333              2.743437998
   4              0.708784105              2.835136422
   5              0.585645749              2.928228744
   6              0.502671298              3.016027790
   7              0.442416533              3.096915731
   8              0.396391476              3.171131807
   9              0.359978512              3.239806611
  10              0.330435546              3.304355461
  11              0.306012947              3.366142421
  12              0.285527932              3.426335183
  13              0.268143405              3.485864261
  14              0.253245018              3.545430257
  15              0.240368679              3.605530183
  16              0.229155598              3.666489575
  17              0.219323218              3.728494709
  18              0.210645694              3.791622488
  19              0.202940365              3.855866942
  20              0.196058096              3.921161928
  21              0.189876189              3.987399976
  22              0.184293066              4.054447458
  23              0.179224193              4.122156433
  24              0.174598900              4.190373599
  25              0.170357872              4.258946804
  26              0.166451139              4.327729605
  27              0.162836454              4.396584255
  28              0.159477982              4.465383506
  29              0.156345225              4.534011528
  30              0.153412139              4.602364175
  31              0.150656413              4.670348817
  32              0.148058871              4.737883866
  33              0.145602973              4.804898114
  34              0.143274411              4.871329973
  35              0.141060762              4.937126662
  36              0.138951205              5.002243392
  37              0.136936286              5.066642575
  38              0.135007712              5.130293070
  39              0.133158192              5.193169477
  40              0.131381287              5.255251492
  41              0.129671300              5.316523311
  42              0.128023169              5.376973093
  43              0.126432383              5.436592480
  44              0.124894913              5.495376161
  45              0.123407144              5.553321486
  46              0.121965829              5.610428119
  47              0.120568037              5.666697736
  48              0.119211120              5.722133750
  49              0.117892675              5.776741074
  50              0.116610518              5.830525909
  51              0.115362658              5.883495554
  52              0.114147274              5.935658243
  53              0.112962698              5.987023001
  54              0.111807398              6.037599514
  55              0.110679964              6.087398017
  56              0.109579093              6.136429197
  57              0.108503581              6.184704102
  58              0.107452312              6.232234070
  59              0.106424248              6.279030660
  60              0.105418427              6.325105592
  61              0.104433946              6.370470700
  62              0.103469966              6.415137881
  63              0.102525699              6.459119064
  64              0.101600409              6.502426171
  65              0.100693401              6.545071088
  66              0.099804025              6.587065642
  67              0.098931665              6.628421578
  68              0.098075743              6.669150538
  69              0.097235711              6.709264048
  70              0.096411050              6.748773504
  71              0.095601270              6.787690159
  72              0.094805904              6.826025114
  73              0.094024511              6.863789309
  74              0.093256669              6.900993518
  75              0.092501978              6.937648344
  76              0.091760055              6.973764211
  77              0.091030537              7.009351368
  78              0.090313075              7.044419877
  79              0.089607337              7.078979622
  80              0.088913004              7.113040300
  81              0.088229771              7.146611424
  82              0.087557345              7.179702324
  83              0.086895448              7.212322145
  84              0.086243808              7.244479850
  85              0.085602167              7.276184224
  86              0.084970278              7.307443870
  87              0.084347899              7.338267213
  88              0.083734801              7.368662506
  89              0.083130762              7.398637828
  90              0.082535568              7.428201086
  91              0.081949011              7.457360023
  92              0.081370894              7.486122215
  93              0.080801022              7.514495076
  94              0.080239211              7.542485861
  95              0.079685281              7.570101670
  96              0.079139057              7.597349448
  97              0.078600371              7.624235991
  98              0.078069061              7.650767949
  99              0.077544968              7.676951824
 100              0.077027940              7.702793980
 101              0.076517828              7.728300642
 102              0.076014489              7.753477899
 103              0.075517784              7.778331708
 104              0.075027576              7.802867898
 105              0.074543735              7.827092168
 106              0.074066133              7.851010097
 107              0.073594646              7.874627140
 108              0.073129154              7.897948637
 109              0.072669540              7.920979810
 110              0.072215689              7.943725768
 111              0.071767491              7.966191511
 112              0.071324839              7.988381932
 113              0.070887627              8.010301818
 114              0.070455753              8.031955852
 115              0.070029118              8.053348618
 116              0.069607626              8.074484604
 117              0.069191181              8.095368199
 118              0.068779692              8.116003701
 119              0.068373070              8.136395317
 120              0.067971226              8.156547162
 121              0.067574077              8.176463269
 122              0.067181538              8.196147583
 123              0.066793528              8.215603967
 124              0.066409969              8.234836203
 125              0.066030784              8.253847995
 126              0.065655897              8.272642970
 127              0.065285234              8.291224679
 128              0.064918723              8.309596600
 129              0.064556296              8.327762141
 130              0.064197882              8.345724637
 131              0.063843415              8.363487357
 132              0.063492830              8.381053503
 133              0.063146062              8.398426213
 134              0.062803049              8.415608558
 135              0.062463730              8.432603552
 136              0.062128045              8.449414145
 137              0.061795936              8.466043228
 138              0.061467345              8.482493635
 139              0.061142217              8.498768145
 140              0.060820496              8.514869480
 141              0.060502130              8.530800308
 142              0.060187065              8.546563246
 143              0.059875251              8.562160860
 144              0.059566637              8.577595663
 145              0.059261173              8.592870122
 146              0.058958813              8.607986656
 147              0.058659508              8.622947635
 148              0.058363212              8.637755385
 149              0.058069880              8.652412187
 150              0.057779469              8.666920280
 151              0.057491933              8.681281857
 152              0.057207231              8.695499072
 153              0.056925321              8.709574039
 154              0.056646161              8.723508829
 155              0.056369713              8.737305476
 156              0.056095936              8.750965977
 157              0.055824792              8.764492290
 158              0.055556243              8.777886339
 159              0.055290252              8.791150008
 160              0.055026782              8.804285152
 161              0.054765799              8.817293588
 162              0.054507266              8.830177101
 163              0.054251150              8.842937443
 164              0.053997417              8.855576336
 165              0.053746033              8.868095469
 166              0.053496967              8.880496501
 167              0.053250186              8.892781062
 168              0.053005659              8.904950751
 169              0.052763356              8.917007142
 170              0.052523246              8.928951777
 171              0.052285299              8.940786175
 172              0.052049487              8.952511824
 173              0.051815781              8.964130188
 174              0.051584153              8.975642706
 175              0.051354576              8.987050792
 176              0.051127022              8.998355834
 177              0.050901464              9.009559197
 178              0.050677878              9.020662222
 179              0.050456236              9.031666228
 180              0.050236514              9.042572510
 181              0.050018687              9.053382342
 182              0.049802731              9.064096977
 183              0.049588621              9.074717645
 184              0.049376335              9.085245557
 185              0.049165848              9.095681902
 186              0.048957139              9.106027852
 187              0.048750185              9.116284556
 188              0.048544964              9.126453146
 189              0.048341454              9.136534735
 190              0.048139634              9.146530417
 191              0.047939483              9.156441270
 192              0.047740981              9.166268352
 193              0.047544107              9.176012704
 194              0.047348842              9.185675353
 195              0.047155166              9.195257305
 196              0.046963059              9.204759554
 197              0.046772503              9.214183074
 198              0.046583479              9.223528828
 199              0.046395969              9.232797759
 200              0.046209954              9.241990798
 201              0.046025417              9.251108861
 202              0.045842341              9.260152848
 203              0.045660708              9.269123647
 204              0.045480501              9.278022130
 205              0.045301703              9.286849157
 206              0.045124299              9.295605575
 207              0.044948272              9.304292214
 208              0.044773605              9.312909897
 209              0.044600284              9.321459430
 210              0.044428293              9.329941609
 211              0.044257617              9.338357216
 212              0.044088241              9.346707022
 213              0.043920149              9.354991787
 214              0.043753328              9.363212258
 215              0.043587764              9.371369173
 216              0.043423441              9.379463256
 217              0.043260347              9.387495223
 218              0.043098467              9.395465776
 219              0.042937788              9.403375611
 220              0.042778297              9.411225410
 221              0.042619981              9.419015847
 222              0.042462827              9.426747584
 223              0.042306822              9.434421275
 224              0.042151953              9.442037565
 225              0.041998209              9.449597087
 226              0.041845577              9.457100468
 227              0.041694045              9.464548324
 228              0.041543602              9.471941263
 229              0.041394235              9.479279882
 230              0.041245934              9.486564773
 231              0.041098686              9.493796518
 232              0.040952481              9.500975689
 233              0.040807308              9.508102852
 234              0.040663156              9.515178565
 235              0.040520014              9.522203377
 236              0.040377872              9.529177830
 237              0.040236719              9.536102459
 238              0.040096545              9.542977790
 239              0.039957340              9.549804342
 240              0.039819094              9.556582629
 241              0.039681797              9.563313154
 242              0.039545440              9.569996418
 243              0.039410012              9.576632910
 244              0.039275505              9.583223116
 245              0.039141908              9.589767514
 246              0.039009214              9.596266576
 247              0.038877412              9.602720766
 248              0.038746494              9.609130544
 249              0.038616451              9.615496362
 250              0.038487275              9.621818668
 251              0.038358956              9.628097902
 252              0.038231486              9.634334498
 253              0.038104857              9.640528886
 254              0.037979061              9.646681490
 255              0.037854089              9.652792727
 256              0.037729934              9.658863009
 257              0.037606587              9.664892744
 258              0.037484040              9.670882333
 259              0.037362286              9.676832171
 260              0.037241318              9.682742652
 261              0.037121127              9.688614159
 262              0.037001706              9.694447076
 263              0.036883049              9.700241777
 264              0.036765146              9.705998635
 265              0.036647993              9.711718016
 266              0.036531580              9.717400281
 267              0.036415902              9.723045789
 268              0.036300951              9.728654891
 269              0.036186721              9.734227938
 270              0.036073205              9.739765271
 271              0.035960396              9.745267231
 272              0.035848287              9.750734154
 273              0.035736873              9.756166370
 274              0.035626147              9.761564207
 275              0.035516102              9.766927987
 276              0.035406732              9.772258030
 277              0.035298031              9.777554650
 278              0.035189993              9.782818159
 279              0.035082612              9.788048864
 280              0.034975882              9.793247069
 281              0.034869797              9.798413073
 282              0.034764352              9.803547173
 283              0.034659539              9.808649661
 284              0.034555355              9.813720827
 285              0.034451793              9.818760956
 286              0.034348847              9.823770330
 287              0.034246513              9.828749228
 288              0.034144784              9.833697926
 289              0.034043656              9.838616695
 290              0.033943123              9.843505805
 291              0.033843180              9.848365521
 292              0.033743822              9.853196106
 293              0.033645044              9.857997819
 294              0.033546840              9.862770917
 295              0.033449206              9.867515653
 296              0.033352136              9.872232278
 297              0.033255626              9.876921039
 298              0.033159672              9.881582181
 299              0.033064267              9.886215946
 300              0.032969409              9.890822572
