                ********************************
                *            Suscep            *
                ********************************
  part of the J2suscep package for calculating coupling constants
  and magnestic susceptibility 
 
  Suscep calculates the temperature dependence of magnetic 
  susceptibility on coupling constants.
 
 Number of Magnetic centers:           6
 g value:  1.9960
 Temperature range to be used (K):  2.0000 - 300.0000
 Step size for temperature increments (K):  1.0000
 
 The J values(cm-1) given are:  -4.6696   -2.8843   -1.6509   -0.4100   -3.0274   -2.4347   -0.0634   -3.5508   -1.7107   -1.5547  
 
 Dimension of hamiltonian matrix        6400
 Rows X Columns in Hamiltonian matrix: 6400 X 6400
 Metal Number:
           1           2           3           4           5           6
 Spin on the Metal:
          1.5         1.5         2.0         1.5         1.5         2.0
 J value (cm-1) with the pairs on which they act
             -4.6696   1 2   xxx  
             -2.8843   1 6   xxx  
             -1.6509   2 6   xxx  
             -0.4100   3 6   xxx  
             -3.0274   4 5   xxx  
             -2.4347   1 3   2 3  
             -0.0634   1 4   2 5  
             -3.5508   1 5   2 4  
             -1.7107   3 4   3 5  
             -1.5547   4 6   5 6  
size of spin matrix:  6 X   5 =  30
 Magnetic Spin Quantum no. (Ms) matrix:
   1.5   0.5  -0.5  -1.5   xx
   1.5   0.5  -0.5  -1.5   xx
   2.0   1.0   0.0  -1.0  -2.0
   1.5   0.5  -0.5  -1.5   xx
   1.5   0.5  -0.5  -1.5   xx
   2.0   1.0   0.0  -1.0  -2.0
 
 Temperature           Chi                  Chi*Temp
  2.000              1.342542261              2.685084523
  3.000              0.913342673              2.740028018
  4.000              0.707602743              2.830410971
  5.000              0.584126266              2.920631330
  6.000              0.500829150              3.004974899
  7.000              0.440429961              3.083009727
  8.000              0.394454122              3.155632980
  9.000              0.358232652              3.224093866
 10.000              0.328961003              3.289610031
 11.000              0.304838682              3.353225498
 12.000              0.284648244              3.415778923
 13.000              0.267531931              3.477915100
 14.000              0.252864975              3.540109644
 15.000              0.240179704              3.602695557
 16.000              0.229118010              3.665888166
 17.000              0.219400450              3.729807651
 18.000              0.210805504              3.794499073
 19.000              0.203155259              3.859949925
 20.000              0.196305262              3.926105241
 21.000              0.190137157              3.992880295
 22.000              0.184553228              4.060171006
 23.000              0.179472271              4.127862241
 24.000              0.174826427              4.195834241
 25.000              0.170558697              4.263967430
 26.000              0.166620996              4.332145887
 27.000              0.162972582              4.400259726
 28.000              0.159578808              4.468206625
 29.000              0.156410093              4.535892689
 30.000              0.153441094              4.603232829
 31.000              0.150650025              4.670150781
 32.000              0.148018090              4.736578875
 33.000              0.145529019              4.802457635
 34.000              0.143168685              4.867735282
 35.000              0.140924776              4.932367174
 36.000              0.138786534              4.996315217
 37.000              0.136744521              5.059547291
 38.000              0.134790439              5.122036674
 39.000              0.132916962              5.183761507
 40.000              0.131117607              5.244704287
 41.000              0.129386619              5.304851393
 42.000              0.127718873              5.364192659
 43.000              0.126109790              5.422720972
 44.000              0.124555271              5.480431922
 45.000              0.123051633              5.537323471
 46.000              0.121595558              5.593395665
 47.000              0.120184050              5.648650372
 48.000              0.118814397              5.703091046
 49.000              0.117484133              5.756722519
 50.000              0.116191016              5.809550816
 51.000              0.114933000              5.861582985
 52.000              0.113708211              5.912826952
 53.000              0.112514932              5.963291389
 54.000              0.111351585              6.012985599
 55.000              0.110216717              6.061919410
 56.000              0.109108984              6.110103088
 57.000              0.108027145              6.157547253
 58.000              0.106970048              6.204262809
 59.000              0.105936625              6.250260879
 60.000              0.104925879              6.295552757
 61.000              0.103936883              6.340149848
 62.000              0.102968768              6.384063637
 63.000              0.102020724              6.427305643
 64.000              0.101091990              6.469887389
 65.000              0.100181852              6.511820377
 66.000              0.099289637              6.553116055
 67.000              0.098414713              6.593785804
 68.000              0.097556484              6.633840915
 69.000              0.096714385              6.673292572
 70.000              0.095887883              6.712151840
 71.000              0.095076474              6.750429654
 72.000              0.094279678              6.788136806
 73.000              0.093497040              6.825283943
 74.000              0.092728129              6.861881550
 75.000              0.091972533              6.897939954
 76.000              0.091229859              6.933469314
 77.000              0.090499735              6.968479621
 78.000              0.089781804              7.002980691
 79.000              0.089075724              7.036982167
 80.000              0.088381169              7.070493517
 81.000              0.087697828              7.103524031
 82.000              0.087025400              7.136082824
 83.000              0.086363600              7.168178836
 84.000              0.085712153              7.199820828
 85.000              0.085070793              7.231017391
 86.000              0.084439267              7.261776943
 87.000              0.083817330              7.292107728
 88.000              0.083204748              7.322017824
 89.000              0.082601294              7.351515141
 90.000              0.082006749              7.380607424
 91.000              0.081420904              7.409302256
 92.000              0.080843555              7.437607062
 93.000              0.080274507              7.465529106
 94.000              0.079713569              7.493075501
 95.000              0.079160560              7.520253207
 96.000              0.078615302              7.547069034
 97.000              0.078077625              7.573529648
 98.000              0.077547363              7.599641570
 99.000              0.077024355              7.625411182
100.000              0.076508447              7.650844726
101.000              0.075999488              7.675948312
102.000              0.075497333              7.700727916
103.000              0.075001839              7.725189386
104.000              0.074512870              7.749338442
105.000              0.074030292              7.773180683
106.000              0.073553977              7.796721586
107.000              0.073083799              7.819966508
108.000              0.072619636              7.842920693
109.000              0.072161369              7.865589271
110.000              0.071708884              7.887977261
111.000              0.071262068              7.910089575
112.000              0.070820813              7.931931021
113.000              0.070385012              7.953506300
114.000              0.069954562              7.974820017
115.000              0.069529362              7.995876677
116.000              0.069109316              8.016680687
117.000              0.068694328              8.037236365
118.000              0.068284305              8.057547933
119.000              0.067879156              8.077619526
120.000              0.067478793              8.097455193
121.000              0.067083131              8.117058895
122.000              0.066692086              8.136434511
123.000              0.066305576              8.155585841
124.000              0.065923521              8.174516602
125.000              0.065545843              8.193230436
126.000              0.065172468              8.211730911
127.000              0.064803319              8.230021517
128.000              0.064438326              8.248105676
129.000              0.064077417              8.265986738
130.000              0.063720523              8.283667984
131.000              0.063367577              8.301152629
132.000              0.063018514              8.318443823
133.000              0.062673268              8.335544650
134.000              0.062331777              8.352458134
135.000              0.061993980              8.369187236
136.000              0.061659815              8.385734860
137.000              0.061329225              8.402103850
138.000              0.061002152              8.418296994
139.000              0.060678540              8.434317025
140.000              0.060358333              8.450166620
141.000              0.060041478              8.465848405
142.000              0.059727922              8.481364955
143.000              0.059417614              8.496718793
144.000              0.059110503              8.511912393
145.000              0.058806539              8.526948181
146.000              0.058505675              8.541828537
147.000              0.058207863              8.556555793
148.000              0.057913056              8.571132238
149.000              0.057621209              8.585560117
150.000              0.057332278              8.599841630
151.000              0.057046218              8.613978939
152.000              0.056762988              8.627974161
153.000              0.056482545              8.641829375
154.000              0.056204848              8.655546622
155.000              0.055929857              8.669127902
156.000              0.055657533              8.682575179
157.000              0.055387837              8.695890381
158.000              0.055120730              8.709075400
159.000              0.054856177              8.722132093
160.000              0.054594139              8.735062281
161.000              0.054334582              8.747867756
162.000              0.054077471              8.760550272
163.000              0.053822770              8.773111555
164.000              0.053570447              8.785553298
165.000              0.053320468              8.797877164
166.000              0.053072800              8.810084785
167.000              0.052827412              8.822177766
168.000              0.052584272              8.834157681
169.000              0.052343350              8.846026077
170.000              0.052104615              8.857784473
171.000              0.051868037              8.869434363
172.000              0.051633588              8.880977213
173.000              0.051401240              8.892414463
174.000              0.051170963              8.903747530
175.000              0.050942730              8.914977803
176.000              0.050716515              8.926106650
177.000              0.050492290              8.937135415
178.000              0.050270030              8.948065416
179.000              0.050049709              8.958897952
180.000              0.049831302              8.969634299
181.000              0.049614783              8.980275709
182.000              0.049400129              8.990823414
183.000              0.049187315              9.001278628
184.000              0.048976318              9.011642541
185.000              0.048767115              9.021916323
186.000              0.048559683              9.032101127
187.000              0.048354000              9.042198086
188.000              0.048150044              9.052208312
189.000              0.047947793              9.062132902
190.000              0.047747226              9.071972932
191.000              0.047548322              9.081729463
192.000              0.047351060              9.091403536
193.000              0.047155421              9.100996176
194.000              0.046961383              9.110508394
195.000              0.046768929              9.119941180
196.000              0.046578038              9.129295511
197.000              0.046388692              9.138572348
198.000              0.046200872              9.147772637
199.000              0.046014559              9.156897308
200.000              0.045829736              9.165947276
201.000              0.045646385              9.174923442
202.000              0.045464489              9.183826693
203.000              0.045284029              9.192657903
204.000              0.045104990              9.201417930
205.000              0.044927354              9.210107620
206.000              0.044751106              9.218727806
207.000              0.044576229              9.227279308
208.000              0.044402706              9.235762933
209.000              0.044230524              9.244179475
210.000              0.044059665              9.252529718
211.000              0.043890116              9.260814432
212.000              0.043721860              9.269034375
213.000              0.043554884              9.277190296
214.000              0.043389173              9.285282930
215.000              0.043224712              9.293313002
216.000              0.043061487              9.301281226
217.000              0.042899485              9.309188306
218.000              0.042738692              9.317034935
219.000              0.042579095              9.324821796
220.000              0.042420680              9.332549560
221.000              0.042263434              9.340218891
222.000              0.042107344              9.347830442
223.000              0.041952398              9.355384855
224.000              0.041798584              9.362882765
225.000              0.041645888              9.370324796
226.000              0.041494299              9.377711564
227.000              0.041343805              9.385043676
228.000              0.041194394              9.392321730
229.000              0.041046054              9.399546315
230.000              0.040898774              9.406718012
231.000              0.040752543              9.413837394
232.000              0.040607349              9.420905026
233.000              0.040463182              9.427921463
234.000              0.040320031              9.434887254
235.000              0.040177885              9.441802941
236.000              0.040036733              9.448669057
237.000              0.039896566              9.455486128
238.000              0.039757373              9.462254672
239.000              0.039619143              9.468975200
240.000              0.039481868              9.475648218
241.000              0.039345536              9.482274221
242.000              0.039210139              9.488853701
243.000              0.039075667              9.495387142
244.000              0.038942111              9.501875020
245.000              0.038809460              9.508317807
246.000              0.038677707              9.514715966
247.000              0.038546842              9.521069955
248.000              0.038416856              9.527380226
249.000              0.038287740              9.533647225
250.000              0.038159486              9.539871392
251.000              0.038032084              9.546053160
252.000              0.037905528              9.552192957
253.000              0.037779807              9.558291206
254.000              0.037654915              9.564348323
255.000              0.037530842              9.570364720
256.000              0.037407581              9.576340803
257.000              0.037285124              9.582276972
258.000              0.037163464              9.588173622
259.000              0.037042591              9.594031144
260.000              0.036922500              9.599849922
261.000              0.036803181              9.605630336
262.000              0.036684629              9.611372763
263.000              0.036566835              9.617077571
264.000              0.036449792              9.622745127
265.000              0.036333494              9.628375792
266.000              0.036217932              9.633969921
267.000              0.036103101              9.639527867
268.000              0.035988992              9.645049976
269.000              0.035875601              9.650536592
270.000              0.035762919              9.655988053
271.000              0.035650940              9.661404694
272.000              0.035539658              9.666786845
273.000              0.035429065              9.672134831
274.000              0.035319157              9.677448974
275.000              0.035209926              9.682729593
276.000              0.035101366              9.687977001
277.000              0.034993471              9.693191509
278.000              0.034886235              9.698373423
279.000              0.034779652              9.703523045
280.000              0.034673717              9.708640674
281.000              0.034568422              9.713726605
282.000              0.034463763              9.718781131
283.000              0.034359733              9.723804538
284.000              0.034256328              9.728797111
285.000              0.034153541              9.733759133
286.000              0.034051367              9.738690880
287.000              0.033949800              9.743592626
288.000              0.033848836              9.748464643
289.000              0.033748468              9.753307200
290.000              0.033648692              9.758120559
291.000              0.033549502              9.762904984
292.000              0.033450893              9.767660732
293.000              0.033352860              9.772388059
294.000              0.033255399              9.777087218
295.000              0.033158503              9.781758457
296.000              0.033062169              9.786402024
297.000              0.032966391              9.791018161
298.000              0.032871165              9.795607111
299.000              0.032776485              9.800169110
300.000              0.032682348              9.804704395
