                ********************************
                *            Suscep            *
                ********************************
  part of the J2suscep package for calculating coupling constants
  and magnestic susceptability 
 
  Suscep calculates the temperature dependence of magnetic 
  susceptibility on coupling constants.
 
 Number of Magnetic centers:           3
 The J values(cm-1) given are:  -9.01999999999999957  
 g value:   1.99600000000000     
 Dimension of hamiltonian matrix         125
 Rows X Columns in Hamiltonian matrix:  125 X  125
 Metal Number:
           1           2           3
 Spin on the Metal:
          2.0         2.0         2.0
 J value (cm-1) with the pairs on which they act
             -9.0200   1 2   1 3   2 3  
size of spin matrix:  3 X   5 =  15
 Magnetic Spin Quantum no. Ms matrix:
   2.0   1.0   0.0  -1.0  -2.0
   2.0   1.0   0.0  -1.0  -2.0
   2.0   1.0   0.0  -1.0  -2.0
 
 Temperature           Chi                  Chi*Temp
   1              0.000000007              0.000000007
   2              0.000010393              0.000020786
   3              0.000522254              0.001566762
   4              0.003364281              0.013457125
   5              0.009512199              0.047560994
   6              0.017688517              0.106131102
   7              0.025866139              0.181062974
   8              0.032731273              0.261850187
   9              0.037921268              0.341291416
  10              0.041629582              0.416295819
  11              0.044221396              0.486435355
  12              0.046037515              0.552450178
  13              0.047334556              0.615349233
  14              0.048286672              0.676013405
  15              0.049005480              0.735082207
  16              0.049560397              0.792966347
  17              0.049994196              0.849901329
  18              0.050333559              0.906004054
  19              0.050595729              0.961318843
  20              0.050792519              1.015850372
  21              0.050932631              1.069585259
  22              0.051022961              1.122505148
  23              0.051069302              1.174593936
  24              0.051076718              1.225841233
  25              0.051049741              1.276243536
  26              0.050992466              1.325804122
  27              0.050908603              1.374532286
  28              0.050801511              1.422442310
  29              0.050674221              1.469552398
  30              0.050529455              1.515883661
  31              0.050369653              1.561459242
  32              0.050196987              1.606303576
  33              0.050013387              1.650441783
  34              0.049820564              1.693899187
  35              0.049620027              1.736700953
  36              0.049413105              1.778871796
  37              0.049200967              1.820435783
  38              0.048984636              1.861416180
  39              0.048765009              1.901835359
  40              0.048542868              1.941714733
  41              0.048318896              1.981074726
  42              0.048093685              2.019934760
  43              0.047867750              2.058313267
  44              0.047641539              2.096227700
  45              0.047415435              2.133694566
  46              0.047189771              2.170729460
  47              0.046964832              2.207347097
  48              0.046740862              2.243561360
  49              0.046518068              2.279385334
  50              0.046296627              2.314831353
  51              0.046076687              2.349911037
  52              0.045858372              2.384635337
  53              0.045641784              2.419014570
  54              0.045427008              2.453058458
  55              0.045214112              2.486776165
  56              0.045003149              2.520176331
  57              0.044794160              2.553267103
  58              0.044587175              2.586056168
  59              0.044382217              2.618550781
  60              0.044179297              2.650757791
  61              0.043978421              2.682683672
  62              0.043779589              2.714334540
  63              0.043582797              2.745716182
  64              0.043388032              2.776834073
  65              0.043195283              2.807693400
  66              0.043004531              2.838299076
  67              0.042815758              2.868655761
  68              0.042628939              2.898767880
  69              0.042444053              2.928639633
  70              0.042261072              2.958275014
  71              0.042079969              2.987677822
  72              0.041900718              3.016851676
  73              0.041723288              3.045800024
  74              0.041547651              3.074526156
  75              0.041373776              3.103033215
  76              0.041201634              3.131324204
  77              0.041031195              3.159401997
  78              0.040862428              3.187269346
  79              0.040695302              3.214928893
  80              0.040529790              3.242383171
  81              0.040365859              3.269634616
  82              0.040203483              3.296685572
  83              0.040042630              3.323538296
  84              0.039883273              3.350194965
  85              0.039725384              3.376657681
  86              0.039568936              3.402928476
  87              0.039413900              3.429009314
  88              0.039260251              3.454902102
  89              0.039107963              3.480608687
  90              0.038957010              3.506130862
  91              0.038807367              3.531470371
  92              0.038659010              3.556628912
  93              0.038511915              3.581608139
  94              0.038366060              3.606409663
  95              0.038221422              3.631035061
  96              0.038077978              3.655485872
  97              0.037935707              3.679763600
  98              0.037794589              3.703869721
  99              0.037654603              3.727805681
 100              0.037515729              3.751572897
 101              0.037377948              3.775172762
 102              0.037241242              3.798606644
 103              0.037105591              3.821875890
 104              0.036970979              3.844981824
 105              0.036837388              3.867925752
 106              0.036704802              3.890708960
 107              0.036573203              3.913332716
 108              0.036442577              3.935798273
 109              0.036312907              3.958106868
 110              0.036184179              3.980259723
 111              0.036056379              4.002258045
 112              0.035929491              4.024103029
 113              0.035803503              4.045795858
 114              0.035678401              4.067337702
 115              0.035554171              4.088729719
 116              0.035430802              4.109973059
 117              0.035308281              4.131068859
 118              0.035186595              4.152018248
 119              0.035065734              4.172822343
 120              0.034945685              4.193482255
 121              0.034826439              4.213999084
 122              0.034707983              4.234373923
 123              0.034590308              4.254607855
 124              0.034473403              4.274701958
 125              0.034357258              4.294657300
 126              0.034241865              4.314474942
 127              0.034127212              4.334155938
 128              0.034013292              4.353701335
 129              0.033900094              4.373112173
 130              0.033787611              4.392389486
 131              0.033675834              4.411534299
 132              0.033564755              4.430547632
 133              0.033454365              4.449430499
 134              0.033344656              4.468183907
 135              0.033235621              4.486808857
 136              0.033127253              4.505306344
 137              0.033019543              4.523677354
 138              0.032912485              4.541922872
 139              0.032806071              4.560043872
 140              0.032700295              4.578041325
 141              0.032595150              4.595916195
 142              0.032490630              4.613669440
 143              0.032386727              4.631302012
 144              0.032283437              4.648814857
 145              0.032180751              4.666208916
 146              0.032078665              4.683485122
 147              0.031977173              4.700644405
 148              0.031876268              4.717687686
 149              0.031775946              4.734615881
 150              0.031676199              4.751429903
 151              0.031577024              4.768130655
 152              0.031478415              4.784719037
 153              0.031380366              4.801195940
 154              0.031282872              4.817562253
 155              0.031185928              4.833818857
 156              0.031089530              4.849966627
 157              0.030993672              4.866006432
 158              0.030898349              4.881939136
 159              0.030803557              4.897765596
 160              0.030709292              4.913486664
 161              0.030615548              4.929103185
 162              0.030522321              4.944616001
 163              0.030429607              4.960025944
 164              0.030337401              4.975333842
 165              0.030245700              4.990540518
 166              0.030154499              5.005646788
 167              0.030063793              5.020653463
 168              0.029973579              5.035561345
 169              0.029883853              5.050371236
 170              0.029794611              5.065083925
 171              0.029705849              5.079700202
 172              0.029617563              5.094220845
 173              0.029529749              5.108646631
 174              0.029442404              5.122978329
 175              0.029355524              5.137216701
 176              0.029269105              5.151362505
 177              0.029183144              5.165416493
 178              0.029097637              5.179379411
 179              0.029012581              5.193251998
 180              0.028927972              5.207034988
 181              0.028843807              5.220729111
 182              0.028760083              5.234335088
 183              0.028676796              5.247853636
 184              0.028593943              5.261285467
 185              0.028511520              5.274631287
 186              0.028429526              5.287891794
 187              0.028347956              5.301067683
 188              0.028266807              5.314159642
 189              0.028186076              5.327168355
 190              0.028105761              5.340094498
 191              0.028025857              5.352938743
 192              0.027946363              5.365701756
 193              0.027867276              5.378384198
 194              0.027788591              5.390986723
 195              0.027710308              5.403509982
 196              0.027632422              5.415954617
 197              0.027554930              5.428321269
 198              0.027477831              5.440610571
 199              0.027401121              5.452823149
 200              0.027324798              5.464959627
 201              0.027248859              5.477020622
 202              0.027173301              5.489006746
 203              0.027098121              5.500918606
 204              0.027023318              5.512756803
 205              0.026948887              5.524521934
 206              0.026874828              5.536214589
 207              0.026801137              5.547835355
 208              0.026727812              5.559384813
 209              0.026654849              5.570863538
 210              0.026582248              5.582272102
 211              0.026510005              5.593611070
 212              0.026438118              5.604881003
 213              0.026366584              5.616082457
 214              0.026295402              5.627215983
 215              0.026224568              5.638282127
 216              0.026154081              5.649281432
 217              0.026083937              5.660214432
 218              0.026014136              5.671081661
 219              0.025944674              5.681883645
 220              0.025875550              5.692620907
 221              0.025806760              5.703293964
 222              0.025738303              5.713903330
 223              0.025670177              5.724449513
 224              0.025602380              5.734933018
 225              0.025534908              5.745354343
 226              0.025467761              5.755713983
 227              0.025400936              5.766012430
 228              0.025334431              5.776250170
 229              0.025268243              5.786427684
 230              0.025202372              5.796545450
 231              0.025136814              5.806603940
 232              0.025071567              5.816603625
 233              0.025006631              5.826544968
 234              0.024942002              5.836428430
 235              0.024877679              5.846254468
 236              0.024813659              5.856023533
 237              0.024749941              5.865736074
 238              0.024686523              5.875392535
 239              0.024623403              5.884993355
 240              0.024560579              5.894538972
 241              0.024498049              5.904029816
 242              0.024435811              5.913466316
 243              0.024373864              5.922848897
 244              0.024312205              5.932177978
 245              0.024250833              5.941453977
 246              0.024189745              5.950677307
 247              0.024128941              5.959848376
 248              0.024068418              5.968967589
 249              0.024008174              5.978035349
 250              0.023948208              5.987052054
 251              0.023888518              5.996018098
 252              0.023829103              6.004933871
 253              0.023769960              6.013799762
 254              0.023711087              6.022616154
 255              0.023652484              6.031383427
 256              0.023594148              6.040101958
 257              0.023536078              6.048772121
 258              0.023478272              6.057394285
 259              0.023420729              6.065968817
 260              0.023363446              6.074496082
 261              0.023306423              6.082976438
 262              0.023249657              6.091410242
 263              0.023193148              6.099797849
 264              0.023136892              6.108139608
 265              0.023080890              6.116435867
 266              0.023025139              6.124686969
 267              0.022969638              6.132893257
 268              0.022914385              6.141055066
 269              0.022859378              6.149172733
 270              0.022804617              6.157246589
 271              0.022750099              6.165276962
 272              0.022695824              6.173264180
 273              0.022641790              6.181208563
 274              0.022587994              6.189110434
 275              0.022534437              6.196970107
 276              0.022481116              6.204787898
 277              0.022428029              6.212564119
 278              0.022375177              6.220299077
 279              0.022322556              6.227993078
 280              0.022270166              6.235646426
 281              0.022218005              6.243259421
 282              0.022166072              6.250832360
 283              0.022114366              6.258365539
 284              0.022062885              6.265859250
 285              0.022011627              6.273313782
 286              0.021960592              6.280729422
 287              0.021909779              6.288106456
 288              0.021859185              6.295445165
 289              0.021808809              6.302745829
 290              0.021758651              6.310008725
 291              0.021708708              6.317234126
 292              0.021658981              6.324422307
 293              0.021609466              6.331573535
 294              0.021560164              6.338688078
 295              0.021511072              6.345766202
 296              0.021462190              6.352808168
 297              0.021413516              6.359814238
 298              0.021365049              6.366784669
 299              0.021316788              6.373719716
 300              0.021268732              6.380619633
