 This file contains the energy (in cm-1)  of all the possible spin
 configurations using the J value set obtained.
  The J value set (cm-1) used is as follows:
  -1.14764918940789       -3.12081934768028     
 Total possible spin configurations:          32
     M  1       M  2       M  3       M  4       M  5       M  6     Energy(cm-1)
      4          4          4          4          4          4         185.0740
      4          4          4          4          4         -4          61.6913
      4          4          4          4         -4          4          61.6913
      4          4          4          4         -4         -4         -24.9666
      4          4          4         -4          4          4          61.6913
      4          4          4         -4          4         -4         -24.9666
      4          4          4         -4         -4          4         -24.9666
      4          4          4         -4         -4         -4         -74.8997
      4          4         -4          4          4          4          61.6913
      4          4         -4          4          4         -4          38.1749
      4          4         -4          4         -4          4         -24.9666
      4          4         -4          4         -4         -4         -11.7582
      4          4         -4         -4          4          4         -24.9666
      4          4         -4         -4          4         -4         -11.7582
      4          4         -4         -4         -4          4         -74.8997
      4          4         -4         -4         -4         -4         -24.9666
      4         -4          4          4          4          4          61.6913
      4         -4          4          4          4         -4         -24.9666
      4         -4          4          4         -4          4          38.1749
      4         -4          4          4         -4         -4         -11.7582
      4         -4          4         -4          4          4         -24.9666
      4         -4          4         -4          4         -4         -74.8997
      4         -4          4         -4         -4          4         -11.7582
      4         -4          4         -4         -4         -4         -24.9666
      4         -4         -4          4          4          4         -24.9666
      4         -4         -4          4          4         -4         -11.7582
      4         -4         -4          4         -4          4         -11.7582
      4         -4         -4          4         -4         -4          38.1749
      4         -4         -4         -4          4          4         -74.8997
      4         -4         -4         -4          4         -4         -24.9666
      4         -4         -4         -4         -4          4         -24.9666
      4         -4         -4         -4         -4         -4          61.6913
 Sorted Energies (Energies (cm-1) wrt to the ground state):
     M  1       M  2       M  3       M  4       M  5       M  6     Energy(cm-1)
      4          4          4         -4         -4         -4         -74.8997
      4          4         -4         -4         -4          4         -74.8997
      4         -4          4         -4          4         -4         -74.8997
      4         -4         -4         -4          4          4         -74.8997
 
      4         -4          4         -4         -4         -4         -24.9666
      4         -4         -4         -4         -4          4         -24.9666
      4          4         -4         -4         -4         -4         -24.9666
      4         -4         -4          4          4          4         -24.9666
      4          4          4          4         -4         -4         -24.9666
      4          4         -4          4         -4          4         -24.9666
      4          4         -4         -4          4          4         -24.9666
      4         -4          4          4          4         -4         -24.9666
      4         -4          4         -4          4          4         -24.9666
      4         -4         -4         -4          4         -4         -24.9666
      4          4          4         -4         -4          4         -24.9666
      4          4          4         -4          4         -4         -24.9666
 
      4          4         -4          4         -4         -4         -11.7582
      4         -4          4          4         -4         -4         -11.7582
      4         -4         -4          4          4         -4         -11.7582
      4         -4         -4          4         -4          4         -11.7582
      4          4         -4         -4          4         -4         -11.7582
      4         -4          4         -4         -4          4         -11.7582
 
      4          4         -4          4          4         -4          38.1749
      4         -4          4          4         -4          4          38.1749
      4         -4         -4          4         -4         -4          38.1749
 
      4          4          4          4          4         -4          61.6913
      4          4          4          4         -4          4          61.6913
      4          4          4         -4          4          4          61.6913
      4          4         -4          4          4          4          61.6913
      4         -4          4          4          4          4          61.6913
      4         -4         -4         -4         -4         -4          61.6913
 
      4          4          4          4          4          4         185.0740
  ---End Of File---
