                ********************************
                *            Suscep            *
                ********************************
  part of the J2suscep package for calculating coupling constants
  and magnestic susceptibility 
 
  Suscep calculates the temperature dependence of magnetic 
  susceptibility on coupling constants.
 
 Number of Magnetic centers:           6
 The J values(cm-1) given are:  -3.480   -1.280  
 g value:  1.998
 
 Temperature range to be used (K):  2.000 - 300.000
 Step size for temperature increments (K):  1.000
 
 Dimension of hamiltonian matrix       15625
 Rows X Columns in Hamiltonian matrix:15625 X15625
 Metal Number:
           1           2           3           4           5           6
 Spin on the Metal:
          2.0         2.0         2.0         2.0         2.0         2.0
 J value (cm-1) with the pairs on which they act
             -3.4800   1 2   1 3   1 5   1 6   2 3   2 4   2 6   3 4   3 5   4 5   4 6   5 6  
             -1.2800   1 4   3 6   2 5   xxx   xxx   xxx   xxx   xxx   xxx   xxx   xxx   xxx  
size of spin matrix:  6 X   5 =  30
 Magnetic Spin Quantum no. (Ms) matrix:
   2.0   1.0   0.0  -1.0  -2.0
   2.0   1.0   0.0  -1.0  -2.0
   2.0   1.0   0.0  -1.0  -2.0
   2.0   1.0   0.0  -1.0  -2.0
   2.0   1.0   0.0  -1.0  -2.0
   2.0   1.0   0.0  -1.0  -2.0
 
 Temperature           Chi                  Chi*Temp
  2.000              0.028427638              0.056855275
  3.000              0.081447828              0.244343485
  4.000              0.110929251              0.443717005
  5.000              0.122909914              0.614549571
  6.000              0.128409901              0.770459403
  7.000              0.131614904              0.921304328
  8.000              0.133790172              1.070321373
  9.000              0.135341543              1.218073883
 10.000              0.136432413              1.364324132
 11.000              0.137151166              1.508662828
 12.000              0.137559883              1.650718598
 13.000              0.137710036              1.790230462
 14.000              0.137647327              1.927062579
 15.000              0.137412659              2.061189884
 16.000              0.137041948              2.192671161
 17.000              0.136565896              2.321620226
 18.000              0.136010054              2.448180967
 19.000              0.135395177              2.572508362
 20.000              0.134737775              2.694755493
 21.000              0.134050741              2.815065554
 22.000              0.133343982              2.933567603
 23.000              0.132624996              3.050374916
 24.000              0.131899375              3.165584999
 25.000              0.131171224              3.279280595
 26.000              0.130443507              3.391531188
 27.000              0.129718323              3.502394720
 28.000              0.128997118              3.611919308
 29.000              0.128280857              3.720144860
 30.000              0.127570151              3.827104531
 31.000              0.126865355              3.932826001
 32.000              0.126166643              4.037332564
 33.000              0.125474062              4.140644048
 34.000              0.124787576              4.242777583
 35.000              0.124107092              4.343748225
 36.000              0.123432485              4.443569467
 37.000              0.122763612              4.542253647
 38.000              0.122100323              4.639812277
 39.000              0.121442469              4.736256299
 40.000              0.120789907              4.831596284
 41.000              0.120142502              4.925842585
 42.000              0.119500130              5.019005454
 43.000              0.118862677              5.111095130
 44.000              0.118230043              5.202121894
 45.000              0.117602136              5.292096119
 46.000              0.116978876              5.381028291
 47.000              0.116360192              5.468929026
 48.000              0.115746023              5.555809081
 49.000              0.115136313              5.641679347
 50.000              0.114531017              5.726550847
 51.000              0.113930093              5.810434726
 52.000              0.113333505              5.893342238
 53.000              0.112741221              5.975284736
 54.000              0.112153216              6.056273651
 55.000              0.111569463              6.136320483
 56.000              0.110989943              6.215436780
 57.000              0.110414634              6.293634128
 58.000              0.109843519              6.370924131
 59.000              0.109276583              6.447318399
 60.000              0.108713809              6.522828535
 61.000              0.108155182              6.597466121
 62.000              0.107600689              6.671242705
 63.000              0.107050314              6.744169791
 64.000              0.106504044              6.816258830
 65.000              0.105961865              6.887521205
 66.000              0.105423761              6.957968228
 67.000              0.104889718              7.027611128
 68.000              0.104359721              7.096461048
 69.000              0.103833754              7.164529032
 70.000              0.103311800              7.231826023
 71.000              0.102793843              7.298362861
 72.000              0.102279865              7.364150270
 73.000              0.101769847              7.429198860
 74.000              0.101263772              7.493519124
 75.000              0.100761619              7.557121430
 76.000              0.100263369              7.620016021
 77.000              0.099769000              7.682213015
 78.000              0.099278492              7.743722399
 79.000              0.098791823              7.804554030
 80.000              0.098308970              7.864717634
 81.000              0.097829911              7.924222802
 82.000              0.097354622              7.983078995
 83.000              0.096883079              8.041295538
 84.000              0.096415257              8.098881623
 85.000              0.095951133              8.155846308
 86.000              0.095490680              8.212198518
 87.000              0.095033874              8.267947045
 88.000              0.094580688              8.323100548
 89.000              0.094131096              8.377667555
 90.000              0.093685072              8.431656464
 91.000              0.093242588              8.485075541
 92.000              0.092803619              8.537932926
 93.000              0.092368136              8.590236629
 94.000              0.091936112              8.641994535
 95.000              0.091507520              8.693214404
 96.000              0.091082332              8.743903871
 97.000              0.090660520              8.794070452
 98.000              0.090242057              8.843721539
 99.000              0.089826913              8.892864406
100.000              0.089415062              8.941506209
101.000              0.089006475              8.989653989
102.000              0.088601124              9.037314672
103.000              0.088198981              9.084495071
104.000              0.087800018              9.131201887
105.000              0.087404207              9.177441713
106.000              0.087011519              9.223221033
107.000              0.086621927              9.268546225
108.000              0.086235403              9.313423562
109.000              0.085851919              9.357859214
110.000              0.085471448              9.401859251
111.000              0.085093961              9.445429642
112.000              0.084719431              9.488576259
113.000              0.084347831              9.531304875
114.000              0.083979133              9.573621171
115.000              0.083613311              9.615530733
116.000              0.083250337              9.657039057
117.000              0.082890184              9.698151548
118.000              0.082532826              9.738873520
119.000              0.082178237              9.779210205
120.000              0.081826390              9.819166745
121.000              0.081477258              9.858748200
122.000              0.081130816              9.897959547
123.000              0.080787038              9.936805683
124.000              0.080445899              9.975291422
125.000              0.080107372             10.013421504
126.000              0.079771433             10.051200590
127.000              0.079438057             10.088633264
128.000              0.079107219             10.125724038
129.000              0.078778894             10.162477351
130.000              0.078453058             10.198897569
131.000              0.078129687             10.234988990
132.000              0.077808756             10.270755841
133.000              0.077490243             10.306202282
134.000              0.077174122             10.341332406
135.000              0.076860372             10.376150241
136.000              0.076548969             10.410659752
137.000              0.076239889             10.444864839
138.000              0.075933111             10.478769341
139.000              0.075628612             10.512377036
140.000              0.075326369             10.545691644
141.000              0.075026360             10.578716824
142.000              0.074728565             10.611456178
143.000              0.074432960             10.643913254
144.000              0.074139525             10.676091541
145.000              0.073848238             10.707994475
146.000              0.073559078             10.739625439
147.000              0.073272026             10.770987764
148.000              0.072987059             10.802084728
149.000              0.072704158             10.832919559
150.000              0.072423303             10.863495435
151.000              0.072144473             10.893815485
152.000              0.071867650             10.923882791
153.000              0.071592813             10.953700388
154.000              0.071319943             10.983271262
155.000              0.071049022             11.012598357
156.000              0.070780029             11.041684571
157.000              0.070512948             11.070532758
158.000              0.070247758             11.099145729
159.000              0.069984442             11.127526252
160.000              0.069722982             11.155677055
161.000              0.069463359             11.183600824
162.000              0.069205557             11.211300206
163.000              0.068949557             11.238777807
164.000              0.068695343             11.266036196
165.000              0.068442896             11.293077902
166.000              0.068192201             11.319905420
167.000              0.067943241             11.346521204
168.000              0.067695998             11.372927675
169.000              0.067450457             11.399127218
170.000              0.067206601             11.425122183
171.000              0.066964415             11.450914885
172.000              0.066723881             11.476507606
173.000              0.066484986             11.501902596
174.000              0.066247713             11.527102071
175.000              0.066012047             11.552108215
176.000              0.065777973             11.576923182
177.000              0.065545475             11.601549095
178.000              0.065314540             11.625988046
179.000              0.065085151             11.650242096
180.000              0.064857296             11.674313280
181.000              0.064630959             11.698203601
182.000              0.064406127             11.721915037
183.000              0.064182784             11.745449534
184.000              0.063960919             11.768809014
185.000              0.063740516             11.791995372
186.000              0.063521562             11.815010474
187.000              0.063304044             11.837856162
188.000              0.063087948             11.860534254
189.000              0.062873262             11.883046539
190.000              0.062659973             11.905394783
191.000              0.062448067             11.927580730
192.000              0.062237532             11.949606097
193.000              0.062028355             11.971472578
194.000              0.061820525             11.993181846
195.000              0.061614028             12.014735549
196.000              0.061408854             12.036135313
197.000              0.061204989             12.057382742
198.000              0.061002421             12.078479421
199.000              0.060801140             12.099426909
200.000              0.060601134             12.120226749
201.000              0.060402390             12.140880459
202.000              0.060204899             12.161389539
203.000              0.060008648             12.181755470
204.000              0.059813626             12.201979710
205.000              0.059619823             12.222063703
206.000              0.059427228             12.242008868
207.000              0.059235829             12.261816609
208.000              0.059045617             12.281488311
209.000              0.058856581             12.301025341
210.000              0.058668710             12.320429048
211.000              0.058481994             12.339700762
212.000              0.058296424             12.358841799
213.000              0.058111988             12.377853454
214.000              0.057928678             12.396737009
215.000              0.057746482             12.415493727
216.000              0.057565393             12.434124856
217.000              0.057385399             12.452631628
218.000              0.057206492             12.471015258
219.000              0.057028662             12.489276948
220.000              0.056851899             12.507417883
221.000              0.056676196             12.525439233
222.000              0.056501541             12.543342154
223.000              0.056327927             12.561127787
224.000              0.056155345             12.578797258
225.000              0.055983785             12.596351681
226.000              0.055813240             12.613792154
227.000              0.055643699             12.631119763
228.000              0.055475156             12.648335579
229.000              0.055307601             12.665440660
230.000              0.055141026             12.682436052
231.000              0.054975423             12.699322788
232.000              0.054810784             12.716101888
233.000              0.054647100             12.732774358
234.000              0.054484364             12.749341195
235.000              0.054322568             12.765803380
236.000              0.054161703             12.782161885
237.000              0.054001762             12.798417670
238.000              0.053842738             12.814571683
239.000              0.053684623             12.830624858
240.000              0.053527409             12.846578123
241.000              0.053371089             12.862432390
242.000              0.053215655             12.878188563
243.000              0.053061101             12.893847534
244.000              0.052907419             12.909410185
245.000              0.052754602             12.924877387
246.000              0.052602642             12.940250002
247.000              0.052451534             12.955528880
248.000              0.052301270             12.970714862
249.000              0.052151842             12.985808780
250.000              0.052003246             13.000811453
251.000              0.051855473             13.015723696
252.000              0.051708517             13.030546308
253.000              0.051562372             13.045280085
254.000              0.051417031             13.059925808
255.000              0.051272487             13.074484254
256.000              0.051128735             13.088956188
257.000              0.050985768             13.103342368
258.000              0.050843580             13.117643540
259.000              0.050702164             13.131860447
260.000              0.050561515             13.145993818
261.000              0.050421626             13.160044378
262.000              0.050282492             13.174012841
263.000              0.050144106             13.187899913
264.000              0.050006463             13.201706295
265.000              0.049869557             13.215432677
266.000              0.049733382             13.229079742
267.000              0.049597933             13.242648165
268.000              0.049463204             13.256138616
269.000              0.049329189             13.269551755
270.000              0.049195882             13.282888235
271.000              0.049063279             13.296148703
272.000              0.048931374             13.309333796
273.000              0.048800162             13.322444148
274.000              0.048669636             13.335480384
275.000              0.048539793             13.348443121
276.000              0.048410627             13.361332971
277.000              0.048282132             13.374150538
278.000              0.048154304             13.386896422
279.000              0.048027137             13.399571213
280.000              0.047900627             13.412175496
281.000              0.047774768             13.424709852
282.000              0.047649556             13.437174852
283.000              0.047524986             13.449571064
284.000              0.047401053             13.461899047
285.000              0.047277752             13.474159356
286.000              0.047155079             13.486352540
287.000              0.047033028             13.498479142
288.000              0.046911596             13.510539698
289.000              0.046790778             13.522534740
290.000              0.046670568             13.534464794
291.000              0.046550964             13.546330379
292.000              0.046431959             13.558132012
293.000              0.046313550             13.569870200
294.000              0.046195733             13.581545448
295.000              0.046078503             13.593158254
296.000              0.045961855             13.604709113
297.000              0.045845786             13.616198513
298.000              0.045730292             13.627626936
299.000              0.045615367             13.638994862
300.000              0.045501009             13.650302764
