                ********************************
                *            Suscep            *
                ********************************
  part of the J2suscep package for calculating coupling constants
  and magnestic susceptability 
 
  Suscep calculates the temperature dependence of magnetic 
  susceptibility on coupling constants.

 Number of Magnetic centers:           3
 The J values(cm-1) given are:  -4.00000000000000000     5.00000000000000000  
 g value:   1.9960000000000000     
 Dimension of hamiltonian matrix          80
 Rows X Columns in Hamiltonian matrix:   80 X   80
 Metal Number:
           1           2           3
 Spin on the Metal:
          1.5         2.0         1.5
 J value (cm-1) with the pairs on which they act
             -4.0000   1 2   2 3  
              5.0000   1 3   xxx  
size of spin matrix:  3 X   5 =  15
 Magnetic Spin Quantum no. Ms matrix:
   1.5   0.5  -0.5  -1.5   xx
   2.0   1.0   0.0  -1.0  -2.0
   1.5   0.5  -0.5  -1.5   xx

 Temperature           Chi                  Chi*Temp
   1              0.999363873              0.999363873
   2              0.498585547              0.997171095
   3              0.332757327              0.998271980
   4              0.251766644              1.007066576
   5              0.205873517              1.029367583
   6              0.177736596              1.066419576
   7              0.159432624              1.116028370
   8              0.146882479              1.175059833
   9              0.137862819              1.240765373
  10              0.131110573              1.311105734
  11              0.125878500              1.384663500
  12              0.121706005              1.460472064
  13              0.118297743              1.537870663
  14              0.115457310              1.616402337
  15              0.113049725              1.695745871
  16              0.110979400              1.775670396
  17              0.109176730              1.856004416
  18              0.107589676              1.936614169
  19              0.106178333              2.017388332
  20              0.104911366              2.098227323
  21              0.103763623              2.179036086
  22              0.102714527              2.259719596
  23              0.101746977              2.340180466
  24              0.100846590              2.420318153
  25              0.100001172              2.500029305
  26              0.099200341              2.579208856
  27              0.098435243              2.657751570
  28              0.097698349              2.735553762
  29              0.096983276              2.812515010
  30              0.096284657              2.888539719
  31              0.095598015              2.963538472
  32              0.094919659              3.037429091
  33              0.094246588              3.110137420
  34              0.093576407              3.181597834
  35              0.092907242              3.251753479
  36              0.092237675              3.320556306
  37              0.091566673              3.387966901
  38              0.090893531              3.453954176
  39              0.090217819              3.518494939
  40              0.089539335              3.581573385
  41              0.088858062              3.643180529
  42              0.088174133              3.703313606
  43              0.087487802              3.761975469
  44              0.086799409              3.819173979
  45              0.086109365              3.874921424
  46              0.085418129              3.929233951
  47              0.084726192              3.982131044
  48              0.084034063              4.033635024
  49              0.083342257              4.083770602
  50              0.082651289              4.132564456
  51              0.081961664              4.180044859
  52              0.081273872              4.226241338
  53              0.080588384              4.271184376
  54              0.079905651              4.314905138
  55              0.079226095              4.357435240
  56              0.078550117              4.398806542
  57              0.077878087              4.439050967
  58              0.077210351              4.478200345
  59              0.076547225              4.516286288
  60              0.075889001              4.553340068
  61              0.075235943              4.589392529
  62              0.074588290              4.624474007
  63              0.073946258              4.658614266
  64              0.073310038              4.691842444
  65              0.072679800              4.724187016
  66              0.072055693              4.755675757
  67              0.071437847              4.786335725
  68              0.070826371              4.816193240
  69              0.070221361              4.845273875
  70              0.069622892              4.873602454
  71              0.069031029              4.901203051
  72              0.068445819              4.928098992
  73              0.067867299              4.954312862
  74              0.067295493              4.979866518
  75              0.066730415              5.004781097
  76              0.066172066              5.029077033
  77              0.065620442              5.052774068
  78              0.065075529              5.075891274
  79              0.064537305              5.098447062
  80              0.064005740              5.120459210
  81              0.063480801              5.141944871
  82              0.062962446              5.162920600
  83              0.062450631              5.183402367
  84              0.061945304              5.203405577
  85              0.061446413              5.222945090
  86              0.060953898              5.242035238
  87              0.060467699              5.260689843
  88              0.059987753              5.278922235
  89              0.059513992              5.296745272
  90              0.059046348              5.314171350
  91              0.058584752              5.331212430
  92              0.058129131              5.347880043
  93              0.057679412              5.364185315
  94              0.057235521              5.380138976
  95              0.056797383              5.395751379
  96              0.056364922              5.411032511
  97              0.055938062              5.425992010
  98              0.055516726              5.440639174
  99              0.055100838              5.454982979
 100              0.054690321              5.469032088
 101              0.054285098              5.482794862
 102              0.053885092              5.496279378
 103              0.053490227              5.509493430
 104              0.053100428              5.522444548
 105              0.052715619              5.535140005
 106              0.052335725              5.547586828
 107              0.051960671              5.559791804
 108              0.051590384              5.571761494
 109              0.051224791              5.583502239
 110              0.050863820              5.595020167
 111              0.050507398              5.606321206
 112              0.050155456              5.617411085
 113              0.049807923              5.628295347
 114              0.049464731              5.638979355
 115              0.049125811              5.649468295
 116              0.048791096              5.659767187
 117              0.048460520              5.669880890
 118              0.048134018              5.679814107
 119              0.047811524              5.689571392
 120              0.047492976              5.699157153
 121              0.047178311              5.708575662
 122              0.046867468              5.717831056
 123              0.046560385              5.726927343
 124              0.046257003              5.735868407
 125              0.045957264              5.744658014
 126              0.045661110              5.753299814
 127              0.045368483              5.761797344
 128              0.045079328              5.770154036
 129              0.044793591              5.778373218
 130              0.044511216              5.786458119
 131              0.044232152              5.794411872
 132              0.043956345              5.802237516
 133              0.043683744              5.809938001
 134              0.043414300              5.817516193
 135              0.043147962              5.824974870
 136              0.042884682              5.832316735
 137              0.042624412              5.839544409
 138              0.042367105              5.846660440
 139              0.042112714              5.853667303
 140              0.041861196              5.860567403
 141              0.041612504              5.867363078
 142              0.041366596              5.874056600
 143              0.041123428              5.880650178
 144              0.040882958              5.887145959
 145              0.040645145              5.893546033
 146              0.040409948              5.899852431
 147              0.040177327              5.906067129
 148              0.039947244              5.912192051
 149              0.039719658              5.918229067
 150              0.039494533              5.924179999
 151              0.039271832              5.930046620
 152              0.039051517              5.935830656
 153              0.038833554              5.941533786
 154              0.038617907              5.947157648
 155              0.038404541              5.952703836
 156              0.038193422              5.958173901
 157              0.037984518              5.963569358
 158              0.037777795              5.968891680
 159              0.037573222              5.974142303
 160              0.037370766              5.979322628
 161              0.037170398              5.984434019
 162              0.036972085              5.989477808
 163              0.036775799              5.994455291
 164              0.036581511              5.999367735
 165              0.036389190              6.004216374
 166              0.036198810              6.009002410
 167              0.036010341              6.013727020
 168              0.035823758              6.018391349
 169              0.035639033              6.022996516
 170              0.035456139              6.027543612
 171              0.035275051              6.032033703
 172              0.035095743              6.036467829
 173              0.034918191              6.040847006
 174              0.034742369              6.045172225
 175              0.034568254              6.049444456
 176              0.034395822              6.053664644
 177              0.034225049              6.057833713
 178              0.034055913              6.061952567
 179              0.033888392              6.066022087
 180              0.033722462              6.070043135
 181              0.033558103              6.074016555
 182              0.033395292              6.077943170
 183              0.033234010              6.081823784
 184              0.033074235              6.085659184
 185              0.032915947              6.089450142
 186              0.032759126              6.093197407
 187              0.032603753              6.096901718
 188              0.032449807              6.100563793
 189              0.032297272              6.104184337
 190              0.032146127              6.107764039
 191              0.031996354              6.111303573
 192              0.031847935              6.114803597
 193              0.031700854              6.118264759
 194              0.031555091              6.121687688
 195              0.031410631              6.125073005
 196              0.031267456              6.128421314
 197              0.031125549              6.131733207
 198              0.030984895              6.135009265
 199              0.030845478              6.138250056
 200              0.030707281              6.141456137
 201              0.030570289              6.144628053
 202              0.030434487              6.147766337
 203              0.030299860              6.150871513
 204              0.030166393              6.153944092
 205              0.030034071              6.156984578
 206              0.029902881              6.159993461
 207              0.029772808              6.162971224
 208              0.029643838              6.165918339
 209              0.029515958              6.168835270
 210              0.029389155              6.171722470
 211              0.029263414              6.174580385
 212              0.029138724              6.177409451
 213              0.029015071              6.180210095
 214              0.028892443              6.182982738
 215              0.028770827              6.185727790
 216              0.028650211              6.188445656
 217              0.028530584              6.191136730
 218              0.028411933              6.193801403
 219              0.028294247              6.196440053
 220              0.028177514              6.199053056
 221              0.028061723              6.201640778
 222              0.027946863              6.204203578
 223              0.027832923              6.206741811
 224              0.027719892              6.209255822
 225              0.027607760              6.211745951
 226              0.027496516              6.214212534
 227              0.027386149              6.216655897
 228              0.027276651              6.219076362
 229              0.027168010              6.221474246
 230              0.027060217              6.223849859
 231              0.026953262              6.226203505
 232              0.026847136              6.228535484
 233              0.026741829              6.230846089
 234              0.026637332              6.233135610
 235              0.026533635              6.235404330
 236              0.026430731              6.237652527
 237              0.026328610              6.239880475
 238              0.026227262              6.242088444
 239              0.026126681              6.244276697
 240              0.026026856              6.246445493
 241              0.025927780              6.248595089
 242              0.025829445              6.250725735
 243              0.025731842              6.252837677
 244              0.025634964              6.254931157
 245              0.025538802              6.257006414
 246              0.025443348              6.259063682
 247              0.025348596              6.261103191
 248              0.025254537              6.263125168
 249              0.025161164              6.265129834
 250              0.025068470              6.267117408
 251              0.024976447              6.269088106
 252              0.024885088              6.271042140
 253              0.024794386              6.272979717
 254              0.024704335              6.274901042
 255              0.024614927              6.276806317
 256              0.024526155              6.278695740
 257              0.024438014              6.280569505
 258              0.024350495              6.282427804
 259              0.024263594              6.284270826
 260              0.024177303              6.286098756
 261              0.024091616              6.287911778
 262              0.024006527              6.289710071
 263              0.023922030              6.291493811
 264              0.023838118              6.293263174
 265              0.023754786              6.295018329
 266              0.023672028              6.296759447
 267              0.023589838              6.298486692
 268              0.023508210              6.300200229
 269              0.023427138              6.301900219
 270              0.023346618              6.303586819
 271              0.023266643              6.305260186
 272              0.023187208              6.306920474
 273              0.023108307              6.308567833
 274              0.023029936              6.310202413
 275              0.022952089              6.311824361
 276              0.022874760              6.313433820
 277              0.022797946              6.315030933
 278              0.022721640              6.316615841
 279              0.022645838              6.318188682
 280              0.022570534              6.319749590
 281              0.022495725              6.321298702
 282              0.022421405              6.322836148
 283              0.022347569              6.324362058
 284              0.022274213              6.325876562
 285              0.022201333              6.327379784
 286              0.022128923              6.328871850
 287              0.022056979              6.330352882
 288              0.021985497              6.331823001
 289              0.021914472              6.333282327
 290              0.021843900              6.334730976
 291              0.021773777              6.336169064
 292              0.021704098              6.337596706
 293              0.021634860              6.339014014
 294              0.021566058              6.340421098
 295              0.021497688              6.341818068
 296              0.021429747              6.343205033
 297              0.021362229              6.344582097
 298              0.021295132              6.345949366
 299              0.021228451              6.347306943
 300              0.021162183              6.348654930
