 This file contains the energy (in cm-1)  of all the possible spin
 configurations using the J value set obtained.
  The J value set (cm-1) used is as follows:
  -3.24566684678690       -2.32180034002452        1.16891216927662     
  -3.01031515533692       -2.55548924527475       -2.54810371592041     
  -2.58209327847345       0.102680424191036       -1.72732770673031     
  -1.24606044603236       -1.23630261369160      -0.566268537564056     
  -2.16523895962494       -1.28808781009433       -1.86930293691841     
 Total possible spin configurations:          32
     M  1       M  2       M  3       M  4       M  5       M  6     Energy(cm-1)
      3          3          4          4          3          4         147.5137
      3          3          4          4          3         -4          44.0185
      3          3          4          4         -3          4          58.0948
      3          3          4          4         -3         -4          -0.5370
      3          3          4         -4          3          4          64.0263
      3          3          4         -4          3         -4           1.7499
      3          3          4         -4         -3          4          26.5731
      3          3          4         -4         -3         -4           9.1601
      3          3         -4          4          3          4          45.2419
      3          3         -4          4          3         -4         -40.1326
      3          3         -4          4         -3          4         -14.5057
      3          3         -4          4         -3         -4         -55.0169
      3          3         -4         -4          3          4           1.6284
      3          3         -4         -4          3         -4         -42.5273
      3          3         -4         -4         -3          4          -6.1534
      3          3         -4         -4         -3         -4          -5.4459
      3         -3          4          4          3          4          36.9365
      3         -3          4          4          3         -4         -25.1028
      3         -3          4          4         -3          4         -54.3306
      3         -3          4          4         -3         -4         -71.5066
      3         -3          4         -4          3          4          15.4193
      3         -3          4         -4          3         -4          -5.4011
      3         -3          4         -4         -3          4         -23.8820
      3         -3          4         -4         -3         -4           0.1608
      3         -3         -4          4          3          4          -4.1808
      3         -3         -4          4          3         -4         -48.0994
      3         -3         -4          4         -3          4         -65.7766
      3         -3         -4          4         -3         -4         -64.8320
      3         -3         -4         -4          3          4          14.1760
      3         -3         -4         -4          3         -4          11.4761
      3         -3         -4         -4         -3          4           4.5459
      3         -3         -4         -4         -3         -4          46.7093
 Sorted Energies (Energies (cm-1) wrt to the ground state):
     M  1       M  2       M  3       M  4       M  5       M  6     Energy(cm-1)
      3         -3          4          4         -3         -4         -71.5066
 
      3         -3         -4          4         -3          4         -65.7766
      3         -3         -4          4         -3         -4         -64.8320
 
      3          3         -4          4         -3         -4         -55.0169
      3         -3          4          4         -3          4         -54.3306
 
      3         -3         -4          4          3         -4         -48.0994
 
      3          3         -4         -4          3         -4         -42.5273
 
      3          3         -4          4          3         -4         -40.1326
 
      3         -3          4          4          3         -4         -25.1028
 
      3         -3          4         -4         -3          4         -23.8820
 
      3          3         -4          4         -3          4         -14.5057
 
      3          3         -4         -4         -3          4          -6.1534
      3          3         -4         -4         -3         -4          -5.4459
      3         -3          4         -4          3         -4          -5.4011
 
      3         -3         -4          4          3          4          -4.1808
 
      3          3          4          4         -3         -4          -0.5370
      3         -3          4         -4         -3         -4           0.1608
 
      3          3         -4         -4          3          4           1.6284
      3          3          4         -4          3         -4           1.7499
 
      3         -3         -4         -4         -3          4           4.5459
 
      3          3          4         -4         -3         -4           9.1601
 
      3         -3         -4         -4          3         -4          11.4761
 
      3         -3         -4         -4          3          4          14.1760
 
      3         -3          4         -4          3          4          15.4193
 
      3          3          4         -4         -3          4          26.5731
 
      3         -3          4          4          3          4          36.9365
 
      3          3          4          4          3         -4          44.0185
 
      3          3         -4          4          3          4          45.2419
 
      3         -3         -4         -4         -3         -4          46.7093
 
      3          3          4          4         -3          4          58.0948
 
      3          3          4         -4          3          4          64.0263
 
      3          3          4          4          3          4         147.5137
  ---End Of File---
