 This file contains the energy (in cm-1)  of all the possible spin
 configurations using the J value set obtained.
  The J value set (cm-1) used is as follows:
  -1.27867536332252       -3.48032605811296     
 Total possible spin configurations:          32
 Average Spin Density on each metal centre:
  3.78743  3.78838  3.78784  3.78782  3.78855  3.78768
 standard deviation for spins in the spin density file:
  0.0004(  0%)  0.0003(  0%)  0.0004(  0%)  0.0003(  0%)  0.0003(  0%)  0.0004(  0%)
     M  1       M  2       M  3       M  4       M  5       M  6     Energy(cm-1)
    3.78743    3.78838    3.78784    3.78782    3.78855    3.78768     184.9895
    3.78743    3.78838    3.78784    3.78782    3.78855   -3.78768      61.6715
    3.78743    3.78838    3.78784    3.78782   -3.78855    3.78768      61.6431
    3.78743    3.78838    3.78784    3.78782   -3.78855   -3.78768     -24.9774
    3.78743    3.78838    3.78784   -3.78782    3.78855    3.78768      61.6710
    3.78743    3.78838    3.78784   -3.78782    3.78855   -3.78768     -24.9564
    3.78743    3.78838    3.78784   -3.78782   -3.78855    3.78768     -24.9765
    3.78743    3.78838    3.78784   -3.78782   -3.78855   -3.78768     -74.9065
    3.78743    3.78838   -3.78784    3.78782    3.78855    3.78768      61.6683
    3.78743    3.78838   -3.78784    3.78782    3.78855   -3.78768      38.2159
    3.78743    3.78838   -3.78784    3.78782   -3.78855    3.78768     -24.9790
    3.78743    3.78838   -3.78784    3.78782   -3.78855   -3.78768     -11.7340
    3.78743    3.78838   -3.78784   -3.78782    3.78855    3.78768     -24.9581
    3.78743    3.78838   -3.78784   -3.78782    3.78855   -3.78768     -11.7201
    3.78743    3.78838   -3.78784   -3.78782   -3.78855    3.78768     -74.9065
    3.78743    3.78838   -3.78784   -3.78782   -3.78855   -3.78768     -24.9711
    3.78743   -3.78838    3.78784    3.78782    3.78855    3.78768      61.6464
    3.78743   -3.78838    3.78784    3.78782    3.78855   -3.78768     -24.9757
    3.78743   -3.78838    3.78784    3.78782   -3.78855    3.78768      38.2023
    3.78743   -3.78838    3.78784    3.78782   -3.78855   -3.78768     -11.7223
    3.78743   -3.78838    3.78784   -3.78782    3.78855    3.78768     -24.9749
    3.78743   -3.78838    3.78784   -3.78782    3.78855   -3.78768     -74.9065
    3.78743   -3.78838    3.78784   -3.78782   -3.78855    3.78768     -11.7201
    3.78743   -3.78838    3.78784   -3.78782   -3.78855   -3.78768     -24.9543
    3.78743   -3.78838   -3.78784    3.78782    3.78855    3.78768     -24.9773
    3.78743   -3.78838   -3.78784    3.78782    3.78855   -3.78768     -11.7340
    3.78743   -3.78838   -3.78784    3.78782   -3.78855    3.78768     -11.7223
    3.78743   -3.78838   -3.78784    3.78782   -3.78855   -3.78768      38.2185
    3.78743   -3.78838   -3.78784   -3.78782    3.78855    3.78768     -74.9065
    3.78743   -3.78838   -3.78784   -3.78782    3.78855   -3.78768     -24.9728
    3.78743   -3.78838   -3.78784   -3.78782   -3.78855    3.78768     -24.9527
    3.78743   -3.78838   -3.78784   -3.78782   -3.78855   -3.78768      61.6785
 Sorted Energies (Energies (cm-1) wrt to the ground state):
     M  1       M  2       M  3       M  4       M  5       M  6     Energy(cm-1)
    3.78743   -3.78838    3.78784   -3.78782    3.78855   -3.78768       0.0000
    3.78743   -3.78838   -3.78784   -3.78782    3.78855    3.78768       0.0000
    3.00000    3.00000    3.00000   -3.00000   -3.00000   -3.00000       0.0000
    3.00000    3.00000   -3.00000   -3.00000   -3.00000    3.00000       0.0000
 
    3.00000    3.00000   -3.00000    3.00000   -3.00000    3.00000      49.9276
    3.00000    3.00000    3.00000    3.00000   -3.00000   -3.00000      49.9292
    3.00000   -3.00000   -3.00000    3.00000    3.00000    3.00000      49.9292
    3.00000    3.00000    3.00000   -3.00000   -3.00000    3.00000      49.9300
    3.00000   -3.00000    3.00000    3.00000    3.00000   -3.00000      49.9308
    3.00000   -3.00000    3.00000   -3.00000    3.00000    3.00000      49.9317
    3.78743   -3.78838   -3.78784   -3.78782    3.78855   -3.78768      49.9338
    3.00000    3.00000   -3.00000   -3.00000   -3.00000   -3.00000      49.9354
    3.00000    3.00000   -3.00000   -3.00000    3.00000    3.00000      49.9485
    3.00000    3.00000    3.00000   -3.00000    3.00000   -3.00000      49.9501
    3.00000   -3.00000    3.00000   -3.00000   -3.00000   -3.00000      49.9522
    3.78743   -3.78838   -3.78784   -3.78782   -3.78855    3.78768      49.9538
 
    3.00000   -3.00000   -3.00000    3.00000    3.00000   -3.00000      63.1725
    3.00000    3.00000   -3.00000    3.00000   -3.00000   -3.00000      63.1725
    3.00000   -3.00000    3.00000    3.00000   -3.00000   -3.00000      63.1842
    3.00000   -3.00000   -3.00000    3.00000   -3.00000    3.00000      63.1842
    3.00000    3.00000   -3.00000   -3.00000    3.00000   -3.00000      63.1864
    3.00000   -3.00000    3.00000   -3.00000   -3.00000    3.00000      63.1864
 
    3.00000   -3.00000    3.00000    3.00000   -3.00000    3.00000     113.1088
    3.00000    3.00000   -3.00000    3.00000    3.00000   -3.00000     113.1224
    3.00000   -3.00000   -3.00000    3.00000   -3.00000   -3.00000     113.1250
 
    3.00000    3.00000    3.00000    3.00000   -3.00000    3.00000     136.5496
    3.00000   -3.00000    3.00000    3.00000    3.00000    3.00000     136.5529
    3.00000    3.00000   -3.00000    3.00000    3.00000    3.00000     136.5749
    3.00000    3.00000    3.00000   -3.00000    3.00000    3.00000     136.5775
    3.00000    3.00000    3.00000    3.00000    3.00000   -3.00000     136.5781
    3.78743   -3.78838   -3.78784   -3.78782   -3.78855   -3.78768     136.5850
 
    3.00000    3.00000    3.00000    3.00000    3.00000    3.00000     259.8960
  ---End Of File---
