                ********************************
                *            Suscep            *
                ********************************
  part of the J2suscep package for calculating coupling constants
  and magnestic susceptability 
 
  Suscep calculates the temperature dependence of magnetic 
  susceptibility on coupling constants.
 
 Number of Magnetic centers:           2
 The J values(cm-1) given are: -84.06999999999999318  
 g value:   2.02000000000000     
 Dimension of hamiltonian matrix          16
 Rows X Columns in Hamiltonian matrix:   16 X   16
 Metal Number:
           1           2
 Spin on the Metal:
          1.5         1.5
 J value (cm-1) with the pairs on which they act
            -84.0700   1 2  
size of spin matrix:  2 X   4 =   8
 Magnetic Spin Quantum no. Ms matrix:
   1.5   0.5  -0.5  -1.5
   1.5   0.5  -0.5  -1.5
 
 Temperature           Chi                  Chi*Temp
   1                      NaN                      NaN
   2             -0.000000001             -0.000000002
   3             -0.000000001             -0.000000003
   4             -0.000000001             -0.000000004
   5             -0.000000001             -0.000000006
   6             -0.000000001             -0.000000007
   7             -0.000000001             -0.000000008
   8             -0.000000001             -0.000000009
   9             -0.000000001             -0.000000010
  10             -0.000000001             -0.000000011
  11             -0.000000001             -0.000000011
  12             -0.000000001             -0.000000008
  13              0.000000001              0.000000011
  14              0.000000006              0.000000080
  15              0.000000019              0.000000287
  16              0.000000051              0.000000813
  17              0.000000118              0.000002003
  18              0.000000247              0.000004438
  19              0.000000475              0.000009023
  20              0.000000854              0.000017071
  21              0.000001447              0.000030383
  22              0.000002332              0.000051305
  23              0.000003599              0.000082766
  24              0.000005346              0.000128294
  25              0.000007680              0.000192004
  26              0.000010714              0.000278564
  27              0.000014561              0.000393141
  28              0.000019333              0.000541333
  29              0.000025141              0.000729082
  30              0.000032086              0.000962592
  31              0.000040265              0.001248227
  32              0.000049763              0.001592423
  33              0.000060654              0.002001596
  34              0.000073002              0.002482056
  35              0.000086855              0.003039923
  36              0.000102252              0.003681062
  37              0.000119217              0.004411016
  38              0.000137762              0.005234952
  39              0.000157888              0.006157618
  40              0.000179583              0.007183306
  41              0.000202825              0.008315826
  42              0.000227583              0.009558484
  43              0.000253816              0.010914077
  44              0.000281475              0.012384884
  45              0.000310504              0.013972668
  46              0.000340841              0.015678689
  47              0.000372419              0.017503710
  48              0.000405167              0.019448022
  49              0.000439009              0.021511457
  50              0.000473868              0.023693416
  51              0.000509665              0.025992897
  52              0.000546318              0.028408517
  53              0.000583746              0.030938546
  54              0.000621869              0.033580935
  55              0.000660606              0.036333348
  56              0.000699878              0.039193190
  57              0.000739608              0.042157638
  58              0.000779719              0.045223675
  59              0.000820137              0.048388109
  60              0.000860794              0.051647611
  61              0.000901619              0.054998736
  62              0.000942548              0.058437948
  63              0.000983518              0.061961646
  64              0.001024472              0.065566184
  65              0.001065352              0.069247895
  66              0.001106108              0.073003105
  67              0.001146689              0.076828156
  68              0.001187050              0.080719415
  69              0.001227149              0.084673296
  70              0.001266947              0.088686268
  71              0.001306407              0.092754865
  72              0.001345496              0.096875702
  73              0.001384185              0.101045476
  74              0.001422446              0.105260980
  75              0.001460255              0.109519102
  76              0.001497590              0.113816837
  77              0.001534432              0.118151287
  78              0.001570765              0.122519665
  79              0.001606573              0.126919296
  80              0.001641845              0.131347618
  81              0.001676570              0.135802186
  82              0.001710740              0.140280668
  83              0.001744348              0.144780845
  84              0.001777388              0.149300613
  85              0.001809859              0.153837976
  86              0.001841756              0.158391049
  87              0.001873081              0.162958052
  88              0.001903833              0.167537310
  89              0.001934014              0.172127247
  90              0.001963627              0.176726386
  91              0.001992674              0.181333345
  92              0.002021161              0.185946831
  93              0.002049093              0.190565641
  94              0.002076475              0.195188654
  95              0.002103314              0.199814830
  96              0.002129617              0.204443206
  97              0.002155391              0.209072891
  98              0.002180644              0.213703067
  99              0.002205384              0.218332978
 100              0.002229619              0.222961934
 101              0.002253359              0.227589302
 102              0.002276613              0.232214508
 103              0.002299389              0.236837027
 104              0.002321696              0.241456387
 105              0.002343544              0.246072162
 106              0.002364943              0.250683969
 107              0.002385902              0.255291468
 108              0.002406429              0.259894355
 109              0.002426535              0.264492365
 110              0.002446230              0.269085263
 111              0.002465521              0.273672848
 112              0.002484419              0.278254948
 113              0.002502933              0.282831414
 114              0.002521071              0.287402127
 115              0.002538843              0.291966988
 116              0.002556258              0.296525919
 117              0.002573324              0.301078862
 118              0.002590049              0.305625778
 119              0.002606442              0.310166642
 120              0.002622512              0.314701446
 121              0.002638266              0.319230195
 122              0.002653712              0.323752905
 123              0.002668859              0.328269604
 124              0.002683712              0.332780331
 125              0.002698281              0.337285134
 126              0.002712572              0.341784066
 127              0.002726592              0.346277192
 128              0.002740348              0.350764579
 129              0.002753847              0.355246302
 130              0.002767096              0.359722441
 131              0.002780100              0.364193079
 132              0.002792866              0.368658304
 133              0.002805400              0.373118204
 134              0.002817708              0.377572874
 135              0.002829796              0.382022408
 136              0.002841668              0.386466902
 137              0.002853332              0.390906455
 138              0.002864791              0.395341163
 139              0.002876051              0.399771127
 140              0.002887117              0.404196446
 141              0.002897994              0.408617218
 142              0.002908687              0.413033542
 143              0.002919199              0.417445517
 144              0.002929536              0.421853240
 145              0.002939702              0.426256808
 146              0.002949701              0.430656315
 147              0.002959536              0.435051856
 148              0.002969213              0.439443524
 149              0.002978734              0.443831409
 150              0.002988104              0.448215601
 151              0.002997326              0.452596189
 152              0.003006403              0.456973258
 153              0.003015339              0.461346892
 154              0.003024137              0.465717174
 155              0.003032801              0.470084184
 156              0.003041333              0.474448001
 157              0.003049737              0.478808701
 158              0.003058015              0.483166357
 159              0.003066170              0.487521044
 160              0.003074205              0.491872830
 161              0.003082123              0.496221784
 162              0.003089926              0.500567972
 163              0.003097616              0.504911458
 164              0.003105197              0.509252303
 165              0.003112670              0.513590569
 166              0.003120038              0.517926312
 167              0.003127303              0.522259588
 168              0.003134467              0.526590451
 169              0.003141532              0.530918953
 170              0.003148501              0.535245143
 171              0.003155375              0.539569070
 172              0.003162156              0.543890779
 173              0.003168846              0.548210315
 174              0.003175447              0.552527719
 175              0.003181960              0.556843033
 176              0.003188388              0.561156293
 177              0.003194732              0.565467538
 178              0.003200993              0.569776802
 179              0.003207174              0.574084118
 180              0.003213275              0.578389519
 181              0.003219299              0.582693033
 182              0.003225246              0.586994689
 183              0.003231118              0.591294514
 184              0.003236916              0.595592533
 185              0.003242642              0.599888769
 186              0.003248297              0.604183244
 187              0.003253882              0.608475980
 188              0.003259399              0.612766994
 189              0.003264848              0.617056305
 190              0.003270231              0.621343929
 191              0.003275549              0.625629881
 192              0.003280803              0.629914174
 193              0.003285994              0.634196820
 194              0.003291123              0.638477831
 195              0.003296191              0.642757216
 196              0.003301199              0.647034983
 197              0.003306148              0.651311141
 198              0.003311039              0.655585694
 199              0.003315873              0.659858647
 200              0.003320650              0.664130005
 201              0.003325372              0.668399770
 202              0.003330039              0.672667944
 203              0.003334653              0.676934526
 204              0.003339213              0.681199517
 205              0.003343722              0.685462915
 206              0.003348178              0.689724717
 207              0.003352584              0.693984920
 208              0.003356940              0.698243519
 209              0.003361246              0.702500508
 210              0.003365504              0.706755882
 211              0.003369714              0.711009634
 212              0.003373876              0.715261754
 213              0.003377992              0.719512234
 214              0.003382061              0.723761065
 215              0.003386085              0.728008235
 216              0.003390064              0.732253734
 217              0.003393998              0.736497548
 218              0.003397888              0.740739666
 219              0.003401735              0.744980073
 220              0.003405540              0.749218755
 221              0.003409302              0.753455698
 222              0.003413022              0.757690884
 223              0.003416701              0.761924298
 224              0.003420339              0.766155922
 225              0.003423937              0.770385740
 226              0.003427494              0.774613732
 227              0.003431013              0.778839879
 228              0.003434492              0.783064162
 229              0.003437933              0.787286561
 230              0.003441335              0.791507055
 231              0.003444700              0.795725623
 232              0.003448027              0.799942244
 233              0.003451317              0.804156894
 234              0.003454571              0.808369551
 235              0.003457788              0.812580191
 236              0.003460969              0.816788792
 237              0.003464115              0.820995329
 238              0.003467226              0.825199777
 239              0.003470302              0.829402112
 240              0.003473343              0.833602307
 241              0.003476350              0.837800337
 242              0.003479323              0.841996176
 243              0.003482263              0.846189797
 244              0.003485169              0.850381173
 245              0.003488042              0.854570277
 246              0.003490882              0.858757081
 247              0.003493691              0.862941557
 248              0.003496466              0.867123677
 249              0.003499210              0.871303412
 250              0.003501923              0.875480734
 251              0.003504604              0.879655613
 252              0.003507254              0.883828019
 253              0.003509873              0.887997924
 254              0.003512462              0.892165297
 255              0.003515020              0.896330108
 256              0.003517548              0.900492327
 257              0.003520046              0.904651923
 258              0.003522515              0.908808865
 259              0.003524954              0.912963123
 260              0.003527364              0.917114665
 261              0.003529745              0.921263460
 262              0.003532097              0.925409477
 263              0.003534421              0.929552684
 264              0.003536716              0.933693049
 265              0.003538983              0.937830541
 266              0.003541222              0.941965127
 267              0.003543434              0.946096776
 268              0.003545617              0.950225455
 269              0.003547774              0.954351132
 270              0.003549903              0.958473775
 271              0.003552005              0.962593351
 272              0.003554080              0.966709829
 273              0.003556129              0.970823175
 274              0.003558151              0.974933356
 275              0.003560147              0.979040341
 276              0.003562116              0.983144097
 277              0.003564060              0.987244591
 278              0.003565978              0.991341791
 279              0.003567870              0.995435663
 280              0.003569736              0.999526176
 281              0.003571578              1.003613297
 282              0.003573394              1.007696992
 283              0.003575185              1.011777230
 284              0.003576951              1.015853978
 285              0.003578692              1.019927204
 286              0.003580409              1.023996875
 287              0.003582101              1.028062959
 288              0.003583769              1.032125423
 289              0.003585413              1.036184235
 290              0.003587032              1.040239363
 291              0.003588628              1.044290776
 292              0.003590200              1.048338440
 293              0.003591749              1.052382325
 294              0.003593273              1.056422398
 295              0.003594775              1.060458627
 296              0.003596253              1.064490982
 297              0.003597709              1.068519430
 298              0.003599141              1.072543941
 299              0.003600550              1.076564482
 300              0.003601937              1.080581024
