 Please cite: Altering the nature of coupling by changing the oxidation state in
  a {Mn6} cage, DOI: 10.1039/D0DT01404D.
 
 Number of Magnetic centers:           6
 The J values(cm-1) given are:  -3.47999999999999998    -1.28000000000000003  
 g value:   1.99700000000000     
 Dimension of hamiltonian matrix       15625
 Rows X Columns in Hamiltonian matrix:15625 X15625
 Metal Number:
           1           2           3           4           5           6
 Spin on the Metal:
          2.0          2.0          2.0          2.0          2.0          2.0
 J value (cm-1) with the pairs on which they act
             -3.4800  14  25  36  xx  xx  xx  xx  xx  xx  xx  xx  xx  
             -1.2800  12  13  15  16  23  24  26  34  35  45  46  56  
size of spin matrix:  6 X   5 =  30
 Magnetic Spin Quantum no. Ms matrix:
   2.0   1.0   0.0  -1.0  -2.0
   2.0   1.0   0.0  -1.0  -2.0
   2.0   1.0   0.0  -1.0  -2.0
   2.0   1.0   0.0  -1.0  -2.0
   2.0   1.0   0.0  -1.0  -2.0
   2.0   1.0   0.0  -1.0  -2.0
 
 Temperature           Chi                  Chi*Temp
      1.0000              0.000406065              0.000406065
      2.0000              0.029575722              0.059151445
      3.0000              0.090398862              0.271196587
      4.0000              0.130343319              0.521373275
      5.0000              0.150828944              0.754144718
      6.0000              0.162329078              0.973974469
      7.0000              0.169657848              1.187604936
      8.0000              0.174765915              1.398127318
      9.0000              0.178542160              1.606879439
     10.0000              0.181447970              1.814479700
     11.0000              0.183744541              2.021189953
     12.0000              0.185587331              2.227047971
     13.0000              0.187071899              2.431934683
     14.0000              0.188258845              2.635623824
     15.0000              0.189188297              2.837824462
     16.0000              0.189888551              3.038216811
     17.0000              0.190381194              3.236480304
     18.0000              0.190684094              3.432313684
     19.0000              0.190813043              3.625447810
     20.0000              0.190782625              3.815652499
     21.0000              0.190606613              4.002738876
     22.0000              0.190298119              4.186558620
     23.0000              0.189869619              4.367001246
     24.0000              0.189332930              4.543990315
     25.0000              0.188699167              4.717479186
     26.0000              0.187978720              4.887446726
     27.0000              0.187181231              5.053893244
     28.0000              0.186315599              5.216836771
     29.0000              0.185389992              5.376309763
     30.0000              0.184411875              5.532356240
     31.0000              0.183388043              5.685029332
     32.0000              0.182324663              5.834389206
     33.0000              0.181227313              5.980501335
     34.0000              0.180101031              6.123435060
     35.0000              0.178950354              6.263262404
     36.0000              0.177779364              6.400057101
     37.0000              0.176591725              6.533893811
     38.0000              0.175390723              6.664847484
     39.0000              0.174179304              6.792992846
     40.0000              0.172960100              6.918403996
     41.0000              0.171735466              7.041154089
     42.0000              0.170507502              7.161315084
     43.0000              0.169278083              7.278957555
     44.0000              0.168048876              7.394150548
     45.0000              0.166821366              7.506961482
     46.0000              0.165596871              7.617456071
     47.0000              0.164376559              7.725698280
     48.0000              0.163161465              7.831750304
     49.0000              0.161952501              7.935672552
     50.0000              0.160750473              8.037523659
     51.0000              0.159556088              8.137360494
     52.0000              0.158369965              8.235238191
     53.0000              0.157192645              8.331210174
     54.0000              0.156024596              8.425328192
     55.0000              0.154866225              8.517642364
     56.0000              0.153717879              8.608201211
     57.0000              0.152579855              8.697051709
     58.0000              0.151452402              8.784239325
     59.0000              0.150335730              8.869808071
     60.0000              0.149230009              8.953800541
     61.0000              0.148135376              9.036257961
     62.0000              0.147051939              9.117220235
     63.0000              0.145979778              9.196725987
     64.0000              0.144918947              9.274812603
     65.0000              0.143869481              9.351516279
     66.0000              0.142831395              9.426872055
     67.0000              0.141804685              9.500913864
     68.0000              0.140789332              9.573674562
     69.0000              0.139785304              9.645185976
     70.0000              0.138792556              9.715478930
     71.0000              0.137811032              9.784583291
     72.0000              0.136840667              9.852527997
     73.0000              0.135881385              9.919341089
     74.0000              0.134933105              9.985049751
     75.0000              0.133995738             10.049680330
     76.0000              0.133069189             10.113258376
     77.0000              0.132153359             10.175808662
     78.0000              0.131248144             10.237355218
     79.0000              0.130353435             10.297921355
     80.0000              0.129469121             10.357529687
     81.0000              0.128595088             10.416202162
     82.0000              0.127731220             10.473960080
     83.0000              0.126877399             10.530824121
     84.0000              0.126033504             10.586814360
     85.0000              0.125199415             10.641950293
     86.0000              0.124375010             10.696250857
     87.0000              0.123560166             10.749734444
     88.0000              0.122754761             10.802418929
     89.0000              0.121958671             10.854321677
     90.0000              0.121171773             10.905459568
     91.0000              0.120393945             10.955849012
     92.0000              0.119625065             11.005505961
     93.0000              0.118865010             11.054445929
     94.0000              0.118113660             11.102684003
     95.0000              0.117370893             11.150234862
     96.0000              0.116636591             11.197112784
     97.0000              0.115910636             11.243331663
     98.0000              0.115192908             11.288905023
     99.0000              0.114483293             11.333846025
    100.0000              0.113781675             11.378167485
    101.0000              0.113087939             11.421881880
    102.0000              0.112401974             11.465001359
    103.0000              0.111723668             11.507537759
    104.0000              0.111052910             11.549502607
    105.0000              0.110389592             11.590907137
    106.0000              0.109733607             11.631762293
    107.0000              0.109084848             11.672078743
    108.0000              0.108443212             11.711866884
    109.0000              0.107808595             11.751136853
    110.0000              0.107180896             11.789898534
    111.0000              0.106560014             11.828161563
    112.0000              0.105945851             11.865935341
    113.0000              0.105338310             11.903229036
    114.0000              0.104737295             11.940051593
    115.0000              0.104142711             11.976411740
    116.0000              0.103554465             12.012317993
    117.0000              0.102972467             12.047778663
    118.0000              0.102396626             12.082801866
    119.0000              0.101826853             12.117395521
    120.0000              0.101263061             12.151567362
    121.0000              0.100705165             12.185324940
    122.0000              0.100153079             12.218675632
    123.0000              0.099606721             12.251626639
    124.0000              0.099066008             12.284185001
    125.0000              0.098530861             12.316357591
    126.0000              0.098001199             12.348151127
    127.0000              0.097476946             12.379572175
    128.0000              0.096958025             12.410627151
    129.0000              0.096444359             12.441322327
    130.0000              0.095935876             12.471663833
    131.0000              0.095432501             12.501657665
    132.0000              0.094934164             12.531309684
    133.0000              0.094440794             12.560625623
    134.0000              0.093952322             12.589611087
    135.0000              0.093468678             12.618271562
    136.0000              0.092989797             12.646612412
    137.0000              0.092515612             12.674638885
    138.0000              0.092046059             12.702356119
    139.0000              0.091581073             12.729769140
    140.0000              0.091120592             12.756882865
    141.0000              0.090664554             12.783702111
    142.0000              0.090212899             12.810231592
    143.0000              0.089765566             12.836475920
    144.0000              0.089322497             12.862439616
    145.0000              0.088883635             12.888127102
    146.0000              0.088448923             12.913542713
    147.0000              0.088018304             12.938690692
    148.0000              0.087591724             12.963575195
    149.0000              0.087169130             12.988200296
    150.0000              0.086750467             13.012569983
    151.0000              0.086335683             13.036688167
    152.0000              0.085924728             13.060558677
    153.0000              0.085517551             13.084185267
    154.0000              0.085114101             13.107571618
    155.0000              0.084714331             13.130721335
    156.0000              0.084318192             13.153637955
    157.0000              0.083925637             13.176324942
    158.0000              0.083536618             13.198785697
    159.0000              0.083151092             13.221023550
    160.0000              0.082769011             13.243041770
    161.0000              0.082390333             13.264843562
    162.0000              0.082015013             13.286432070
    163.0000              0.081643008             13.307810376
    164.0000              0.081274277             13.328981507
    165.0000              0.080908778             13.349948429
    166.0000              0.080546470             13.370714054
    167.0000              0.080187313             13.391281240
    168.0000              0.079831267             13.411652791
    169.0000              0.079478293             13.431831459
    170.0000              0.079128353             13.451819944
    171.0000              0.078781409             13.471620899
    172.0000              0.078437424             13.491236924
    173.0000              0.078096362             13.510670576
    174.0000              0.077758186             13.529924364
    175.0000              0.077422861             13.549000750
    176.0000              0.077090353             13.567902154
    177.0000              0.076760627             13.586630951
    178.0000              0.076433649             13.605189474
    179.0000              0.076109386             13.623580014
    180.0000              0.075787805             13.641804824
    181.0000              0.075468874             13.659866113
    182.0000              0.075152561             13.677766054
    183.0000              0.074838835             13.695506783
    184.0000              0.074527665             13.713090395
    185.0000              0.074219021             13.730518952
    186.0000              0.073912874             13.747794480
    187.0000              0.073609192             13.764918968
    188.0000              0.073307949             13.781894374
    189.0000              0.073009114             13.798722619
    190.0000              0.072712661             13.815405595
    191.0000              0.072418561             13.831945159
    192.0000              0.072126787             13.848343139
    193.0000              0.071837313             13.864601331
    194.0000              0.071550111             13.880721501
    195.0000              0.071265156             13.896705386
    196.0000              0.070982422             13.912554694
    197.0000              0.070701884             13.928271106
    198.0000              0.070423517             13.943856273
    199.0000              0.070147296             13.959311820
    200.0000              0.069873197             13.974639346
    201.0000              0.069601196             13.989840424
    202.0000              0.069331270             14.004916601
    203.0000              0.069063396             14.019869399
    204.0000              0.068797551             14.034700316
    205.0000              0.068533711             14.049410825
    206.0000              0.068271856             14.064002377
    207.0000              0.068011963             14.078476399
    208.0000              0.067754011             14.092834295
    209.0000              0.067497978             14.107077449
    210.0000              0.067243844             14.121207220
    211.0000              0.066991587             14.135224949
    212.0000              0.066741188             14.149131954
    213.0000              0.066492627             14.162929533
    214.0000              0.066245883             14.176618963
    215.0000              0.066000937             14.190201505
    216.0000              0.065757770             14.203678395
    217.0000              0.065516363             14.217050856
    218.0000              0.065276698             14.230320087
    219.0000              0.065038755             14.243487273
    220.0000              0.064802516             14.256553578
    221.0000              0.064567964             14.269520150
    222.0000              0.064335082             14.282388120
    223.0000              0.064103850             14.295158602
    224.0000              0.063874253             14.307832692
    225.0000              0.063646273             14.320411471
    226.0000              0.063419894             14.332896004
    227.0000              0.063195098             14.345287340
    228.0000              0.062971871             14.357586512
    229.0000              0.062750194             14.369794538
    230.0000              0.062530054             14.381912424
    231.0000              0.062311434             14.393941156
    232.0000              0.062094318             14.405881710
    233.0000              0.061878691             14.417735047
    234.0000              0.061664539             14.429502113
    235.0000              0.061451846             14.441183842
    236.0000              0.061240598             14.452781152
    237.0000              0.061030780             14.464294952
    238.0000              0.060822379             14.475726135
    239.0000              0.060615379             14.487075581
    240.0000              0.060409767             14.498344160
    241.0000              0.060205530             14.509532729
    242.0000              0.060002653             14.520642132
    243.0000              0.059801124             14.531673201
    244.0000              0.059600929             14.542626759
    245.0000              0.059402056             14.553503615
    246.0000              0.059204490             14.564304567
    247.0000              0.059008220             14.575030403
    248.0000              0.058813233             14.585681901
    249.0000              0.058619517             14.596259825
    250.0000              0.058427060             14.606764934
    251.0000              0.058235848             14.617197970
    252.0000              0.058045872             14.627559671
    253.0000              0.057857118             14.637850762
    254.0000              0.057669575             14.648071958
    255.0000              0.057483231             14.658223966
    256.0000              0.057298076             14.668307482
    257.0000              0.057114098             14.678323194
    258.0000              0.056931286             14.688271781
    259.0000              0.056749629             14.698153911
    260.0000              0.056569116             14.707970244
    261.0000              0.056389737             14.717721434
    262.0000              0.056211481             14.727408123
    263.0000              0.056034338             14.737030946
    264.0000              0.055858297             14.746590530
    265.0000              0.055683349             14.756087494
    266.0000              0.055509483             14.765522447
    267.0000              0.055336689             14.774895992
    268.0000              0.055164958             14.784208724
    269.0000              0.054994280             14.793461231
    270.0000              0.054824645             14.802654093
    271.0000              0.054656044             14.811787881
    272.0000              0.054488468             14.820863160
    273.0000              0.054321907             14.829880490
    274.0000              0.054156352             14.838840419
    275.0000              0.053991795             14.847743494
    276.0000              0.053828226             14.856590250
    277.0000              0.053665636             14.865381218
    278.0000              0.053504018             14.874116922
    279.0000              0.053343362             14.882797879
    280.0000              0.053183659             14.891424600
    281.0000              0.053024902             14.899997590
    282.0000              0.052867083             14.908517347
    283.0000              0.052710192             14.916984363
    284.0000              0.052554222             14.925399125
    285.0000              0.052399165             14.933762113
    286.0000              0.052245013             14.942073801
    287.0000              0.052091758             14.950334657
    288.0000              0.051939393             14.958545146
    289.0000              0.051787909             14.966705725
    290.0000              0.051637299             14.974816844
    291.0000              0.051487557             14.982878952
    292.0000              0.051338673             14.990892488
    293.0000              0.051190641             14.998857890
    294.0000              0.051043454             15.006775587
    295.0000              0.050897105             15.014646006
    296.0000              0.050751586             15.022469567
    297.0000              0.050606891             15.030246685
    298.0000              0.050463013             15.037977771
    299.0000              0.050319944             15.045663232
    300.0000              0.050177678             15.053303469
