 This file contains the energy (in cm-1)  of all the possible spin
 configurations using the J value set obtained.
  The J value set (cm-1) used is as follows:
  -4.87266380147827       -2.76367811763491       -1.58408857773523     
 -0.359808724103898       -3.00580319566409       -2.33390764078497     
 -6.631251935201675E-002  -3.61461904511916       -1.59937747116565     
  -1.45428585323946     
 Total possible spin configurations:          32
     M  1       M  2       M  3       M  4       M  5       M  6     Energy(cm-1)
      3          3          4          3          3          4         162.1974
      3          3          4          3          3         -4          69.3644
      3          3          4          3         -3          4          65.3728
      3          3          4          3         -3         -4           7.4427
      3          3          4         -3          3          4          65.3728
      3          3          4         -3          3         -4           7.4427
      3          3          4         -3         -3          4          22.6527
      3          3          4         -3         -3         -4          -0.3746
      3          3         -4          3          3          4          62.0416
      3          3         -4          3          3         -4         -19.2775
      3          3         -4          3         -3          4           3.6021
      3          3         -4          3         -3         -4         -42.8141
      3          3         -4         -3          3          4           3.6021
      3          3         -4         -3          3         -4         -42.8141
      3          3         -4         -3         -3          4          -0.7329
      3          3         -4         -3         -3         -4         -12.2463
      3         -3          4          3          3          4          38.1991
      3         -3          4          3          3         -4         -16.6158
      3         -3          4          3         -3          4         -57.4319
      3         -3          4          3         -3         -4         -77.3439
      3         -3          4         -3          3          4           6.4377
      3         -3          4         -3          3         -4         -13.4743
      3         -3          4         -3         -3          4         -35.0888
      3         -3          4         -3         -3         -4         -20.0980
      3         -3         -4          3          3          4          -5.9429
      3         -3         -4          3          3         -4         -49.2439
      3         -3         -4          3         -3          4         -63.1888
      3         -3         -4          3         -3         -4         -71.5869
      3         -3         -4         -3          3          4           0.6807
      3         -3         -4         -3          3         -4          -7.7174
      3         -3         -4         -3         -3          4          -2.4607
      3         -3         -4         -3         -3         -4          24.0440
 Sorted Energies (Energies (cm-1) wrt to the ground state):
     M  1       M  2       M  3       M  4       M  5       M  6     Energy(cm-1)
      3         -3          4          3         -3         -4         -77.3439
 
      3         -3         -4          3         -3         -4         -71.5869
 
      3         -3         -4          3         -3          4         -63.1888
 
      3         -3          4          3         -3          4         -57.4319
 
      3         -3         -4          3          3         -4         -49.2439
 
      3          3         -4          3         -3         -4         -42.8141
      3          3         -4         -3          3         -4         -42.8141
 
      3         -3          4         -3         -3          4         -35.0888
 
      3         -3          4         -3         -3         -4         -20.0980
      3          3         -4          3          3         -4         -19.2775
 
      3         -3          4          3          3         -4         -16.6158
 
      3         -3          4         -3          3         -4         -13.4743
 
      3          3         -4         -3         -3         -4         -12.2463
 
      3         -3         -4         -3          3         -4          -7.7174
 
      3         -3         -4          3          3          4          -5.9429
 
      3         -3         -4         -3         -3          4          -2.4607
 
      3          3         -4         -3         -3          4          -0.7329
      3          3          4         -3         -3         -4          -0.3746
 
      3         -3         -4         -3          3          4           0.6807
 
      3          3         -4          3         -3          4           3.6021
      3          3         -4         -3          3          4           3.6021
 
      3         -3          4         -3          3          4           6.4377
 
      3          3          4         -3          3         -4           7.4427
      3          3          4          3         -3         -4           7.4427
 
      3          3          4         -3         -3          4          22.6527
 
      3         -3         -4         -3         -3         -4          24.0440
 
      3         -3          4          3          3          4          38.1991
 
      3          3         -4          3          3          4          62.0416
 
      3          3          4          3         -3          4          65.3728
      3          3          4         -3          3          4          65.3728
 
      3          3          4          3          3         -4          69.3644
 
      3          3          4          3          3          4         162.1974
  ---End Of File---
