3.0571596 -3.0639469 -3.7464936 2.9855949 -2.9932085 3.7482157 -8.604041138405300E+03
3.0630259 3.0695029 3.7482020 2.9895879 2.9967993 3.7496550 -8.604040107737754E+03
3.0598187 -3.0625074 3.7479051 2.9894173 2.9952609 3.7490933 -8.604040680248647E+03
3.0619779 3.0682985 -3.7456508 2.9868525 2.9946327 3.7487343 -8.604040566607677E+03
-3.0584743 -3.0654666 3.7469864 2.9876366 2.9949252 3.7488185 -8.604040902043736E+03
3.0589748 -3.0636630 -3.7461917 2.9864062 2.9934310 3.7484142 -8.604040874943079E+03
3.0586563 -3.0627242 3.7475793 2.9888559 -2.9897365 3.7489216 -8.604041108898091E+03
3.0608172 3.0671848 -3.7463169 2.9845575 2.9917289 -3.7479541 -8.604040943152329E+03
-3.0597455 -3.0663612 -3.7469399 2.9851125 2.9926246 3.7481106 -8.604040854591891E+03
-3.0600393 -3.0659642 3.7469386 2.9873684 -2.9907475 3.7484449 -8.604041044599930E+03
3.0572042 -3.0640366 -3.7464007 2.9855883 -2.9930794 3.7481997 -8.604041137238783E+03
3.0622106 3.0684403 3.7478383 -2.9811889 2.9966250 3.7491837 -8.604040552284641E+03
3.0595895 -3.0636304 3.7475299 -2.9825245 2.9951876 3.7486818 -8.604040820396753E+03
3.0588778 -3.0640557 3.7470154 2.9869496 2.9926678 -3.7477576 -8.604040921887142E+03
-3.0596644 -3.0668741 3.7464812 2.9853693 2.9919554 -3.7480008 -8.604040857690830E+03
3.0572908 -3.0642910 3.7466734 2.9859264 -2.9933809 -3.7481567 -8.604041205874382E+03

