                ********************************
                *            Suscep            *
                ********************************
  part of the J2suscep package for calculating coupling constants
  and magnestic susceptibility 
 
  Suscep calculates the temperature dependence of magnetic 
  susceptibility on coupling constants.
 
 Number of Magnetic centers:           6
 The J values(cm-1) given are:  -3.170   -2.430    1.230   -3.000   -2.680   -2.690   -2.730    0.110   -1.820   -1.410   -1.330   -0.640   -2.340   -1.460   -2.010  
 g value:  1.997
 
 Temperature range to be used (K):  2.000 - 300.000
 Step size for temperature increments (K):  1.000
 
 Dimension of hamiltonian matrix        8000
 Rows X Columns in Hamiltonian matrix: 8000 X 8000
 Metal Number:
           1           2           3           4           5           6
 Spin on the Metal:
          1.5         1.5         2.0         2.0         1.5         2.0
 J value (cm-1) with the pairs on which they act
             -3.1700   1 2  
             -2.4300   1 3  
              1.2300   1 4  
             -3.0000   1 5  
             -2.6800   1 6  
             -2.6900   2 3  
             -2.7300   2 4  
              0.1100   2 5  
             -1.8200   2 6  
             -1.4100   3 4  
             -1.3300   3 5  
             -0.6400   3 6  
             -2.3400   4 5  
             -1.4600   4 6  
             -2.0100   5 6  
size of spin matrix:  6 X   5 =  30
 Magnetic Spin Quantum no. (Ms) matrix:
   1.5   0.5  -0.5  -1.5   xx
   1.5   0.5  -0.5  -1.5   xx
   2.0   1.0   0.0  -1.0  -2.0
   2.0   1.0   0.0  -1.0  -2.0
   1.5   0.5  -0.5  -1.5   xx
   2.0   1.0   0.0  -1.0  -2.0
 
 Temperature           Chi                  Chi*Temp
  2.000              0.743867942              1.487735884
  3.000              0.540362372              1.621087115
  4.000              0.446526649              1.786106596
  5.000              0.389601822              1.948009110
  6.000              0.350128355              2.100770129
  7.000              0.320690226              2.244831580
  8.000              0.297703010              2.381624078
  9.000              0.279163234              2.512469103
 10.000              0.263844426              2.638444256
 11.000              0.250948816              2.760436972
 12.000              0.239933276              2.879199314
 13.000              0.230413374              2.995373865
 14.000              0.222107170              3.109500383
 15.000              0.214801076              3.222016142
 16.000              0.208328608              3.333257733
 17.000              0.202556888              3.443467103
 18.000              0.197377873              3.552801708
 19.000              0.192702493              3.661347372
 20.000              0.188456612              3.769132237
 21.000              0.184578116              3.876140437
 22.000              0.181014753              3.982324572
 23.000              0.177722454              4.087616453
 24.000              0.174663997              4.191935934
 25.000              0.171807914              4.295197859
 26.000              0.169127588              4.397317294
 27.000              0.166600492              4.498213284
 28.000              0.164207550              4.597811401
 29.000              0.161932597              4.696045309
 30.000              0.159761920              4.792857602
 31.000              0.157683874              4.888200079
 32.000              0.155688551              4.982033624
 33.000              0.153767510              5.074327818
 34.000              0.151913540              5.165060371
 35.000              0.150120470              5.254216455
 36.000              0.148383000              5.341787990
 37.000              0.146696565              5.427772916
 38.000              0.145057223              5.512174485
 39.000              0.143461553              5.595000585
 40.000              0.141906578              5.676263114
 41.000              0.140389693              5.755977394
 42.000              0.138908611              5.834161652
 43.000              0.137461315              5.910836539
 44.000              0.136046016              5.986024712
 45.000              0.134661121              6.059750458
 46.000              0.133305203              6.132039360
 47.000              0.131976979              6.202918015
 48.000              0.130675287              6.272413775
 49.000              0.129399072              6.340554531
 50.000              0.128147370              6.407368524
 51.000              0.126919298              6.472884182
 52.000              0.125714038              6.537129983
 53.000              0.124530836              6.600134334
 54.000              0.123368990              6.661925473
 55.000              0.122227843              6.722531386
 56.000              0.121106781              6.781979733
 57.000              0.120005224              6.840297796
 58.000              0.118922628              6.897512426
 59.000              0.117858475              6.953650009
 60.000              0.116812274              7.008736432
 61.000              0.115783558              7.062797064
 62.000              0.114771883              7.115856735
 63.000              0.113776821              7.167939722
 64.000              0.112797965              7.219069745
 65.000              0.111834922              7.269269962
 66.000              0.110887318              7.318562961
 67.000              0.109954788              7.366970769
 68.000              0.109036983              7.414514853
 69.000              0.108133567              7.461216121
 70.000              0.107244213              7.507094934
 71.000              0.106368607              7.552171112
 72.000              0.105506444              7.596463943
 73.000              0.104657427              7.639992190
 74.000              0.103821272              7.682774109
 75.000              0.102997699              7.724827452
 76.000              0.102186441              7.766169481
 77.000              0.101387234              7.806816984
 78.000              0.100599824              7.846786278
 79.000              0.099823965              7.886093231
 80.000              0.099059416              7.924753267
 81.000              0.098305943              7.962781377
 82.000              0.097563319              8.000192139
 83.000              0.096831322              8.036999722
 84.000              0.096109737              8.073217898
 85.000              0.095398354              8.108860059
 86.000              0.094696968              8.143939223
 87.000              0.094005380              8.178468046
 88.000              0.093323396              8.212458834
 89.000              0.092650826              8.245923554
 90.000              0.091987487              8.278873841
 91.000              0.091333198              8.311321011
 92.000              0.090687783              8.343276071
 93.000              0.090051072              8.374749725
 94.000              0.089422898              8.405752387
 95.000              0.088803097              8.436294189
 96.000              0.088191510              8.466384986
 97.000              0.087587983              8.496034371
 98.000              0.086992364              8.525251679
 99.000              0.086404505              8.554045992
100.000              0.085824262              8.582426156
101.000              0.085251493              8.610400778
102.000              0.084686061              8.637978239
103.000              0.084127832              8.665166702
104.000              0.083576674              8.691974113
105.000              0.083032459              8.718408214
106.000              0.082495062              8.744476544
107.000              0.081964359              8.770186450
108.000              0.081440232              8.795545087
109.000              0.080922564              8.820559431
110.000              0.080411239              8.845236278
111.000              0.079906146              8.869582252
112.000              0.079407177              8.893603810
113.000              0.078914223              8.917307250
114.000              0.078427182              8.940698708
115.000              0.077945949              8.963784171
116.000              0.077470427              8.986569478
117.000              0.077000516              9.009060322
118.000              0.076536121              9.031262260
119.000              0.076077149              9.053180711
120.000              0.075623508              9.074820963
121.000              0.075175109              9.096188179
122.000              0.074731864              9.117287395
123.000              0.074293687              9.138123528
124.000              0.073860495              9.158701379
125.000              0.073432205              9.179025635
126.000              0.073008737              9.199100872
127.000              0.072590012              9.218931559
128.000              0.072175954              9.238522063
129.000              0.071766486              9.257876648
130.000              0.071361534              9.276999479
131.000              0.070961028              9.295894628
132.000              0.070564894              9.314566071
133.000              0.070173065              9.333017696
134.000              0.069785472              9.351253302
135.000              0.069402049              9.369276604
136.000              0.069022730              9.387091231
137.000              0.068647451              9.404700734
138.000              0.068276149              9.422108584
139.000              0.067908764              9.439318176
140.000              0.067545235              9.456332831
141.000              0.067185502              9.473155794
142.000              0.066829509              9.489790245
143.000              0.066477198              9.506239292
144.000              0.066128514              9.522505975
145.000              0.065783402              9.538593271
146.000              0.065441809              9.554504094
147.000              0.065103682              9.570241294
148.000              0.064768971              9.585807662
149.000              0.064437624              9.601205931
150.000              0.064109592              9.616438776
151.000              0.063784827              9.631508816
152.000              0.063463280              9.646418617
153.000              0.063144906              9.661170690
154.000              0.062829659              9.675767498
155.000              0.062517493              9.690211450
156.000              0.062208365              9.704504908
157.000              0.061902230              9.718650185
158.000              0.061599048              9.732649550
159.000              0.061298775              9.746505223
160.000              0.061001371              9.760219383
161.000              0.060706796              9.773794163
162.000              0.060415010              9.787231655
163.000              0.060125975              9.800533910
164.000              0.059839652              9.813702939
165.000              0.059556004              9.826740713
166.000              0.059274995              9.839649165
167.000              0.058996588              9.852430192
168.000              0.058720748              9.865085652
169.000              0.058447440              9.877617369
170.000              0.058176630              9.890027133
171.000              0.057908285              9.902316697
172.000              0.057642371              9.914487785
173.000              0.057378856              9.926542085
174.000              0.057117708              9.938481255
175.000              0.056858897              9.950306922
176.000              0.056602390              9.962020682
177.000              0.056348159              9.973624104
178.000              0.056096173              9.985118725
179.000              0.055846403              9.996506055
180.000              0.055598820             10.007787577
181.000              0.055353396             10.018964746
182.000              0.055110104             10.030038992
183.000              0.054868916             10.041011718
184.000              0.054629806             10.051884303
185.000              0.054392746             10.062658100
186.000              0.054157712             10.073334440
187.000              0.053924677             10.083914627
188.000              0.053693617             10.094399945
189.000              0.053464506             10.104791655
190.000              0.053237321             10.115090995
191.000              0.053012038             10.125299183
192.000              0.052788632             10.135417413
193.000              0.052567082             10.145446861
194.000              0.052347364             10.155388682
195.000              0.052129456             10.165244011
196.000              0.051913337             10.175013964
197.000              0.051698983             10.184699638
198.000              0.051486374             10.194302110
199.000              0.051275490             10.203822442
200.000              0.051066308             10.213261675
201.000              0.050858810             10.222620834
202.000              0.050652975             10.231900926
203.000              0.050448783             10.241102944
204.000              0.050246215             10.250227861
205.000              0.050045252             10.259276637
206.000              0.049845875             10.268250213
207.000              0.049648065             10.277149519
208.000              0.049451805             10.285975465
209.000              0.049257076             10.294728950
210.000              0.049063861             10.303410857
211.000              0.048872142             10.312022055
212.000              0.048681903             10.320563399
213.000              0.048493125             10.329035730
214.000              0.048305794             10.337439876
215.000              0.048119891             10.345776653
216.000              0.047935402             10.354046862
217.000              0.047752310             10.362251293
218.000              0.047570600             10.370390723
219.000              0.047390255             10.378465916
220.000              0.047211262             10.386477627
221.000              0.047033605             10.394426597
222.000              0.046857268             10.402313554
223.000              0.046682239             10.410139220
224.000              0.046508501             10.417904300
225.000              0.046336042             10.425609492
226.000              0.046164847             10.433255483
227.000              0.045994903             10.440842949
228.000              0.045826195             10.448372555
229.000              0.045658712             10.455844957
230.000              0.045492438             10.463260802
231.000              0.045327362             10.470620726
232.000              0.045163471             10.477925355
233.000              0.045000752             10.485175307
234.000              0.044839193             10.492371191
235.000              0.044678781             10.499513606
236.000              0.044519505             10.506603143
237.000              0.044361352             10.513640385
238.000              0.044204311             10.520625904
239.000              0.044048369             10.527560267
240.000              0.043893517             10.534444030
241.000              0.043739742             10.541277743
242.000              0.043587033             10.548061947
243.000              0.043435379             10.554797176
244.000              0.043284770             10.561483955
245.000              0.043135195             10.568122803
246.000              0.042986643             10.574714231
247.000              0.042839104             10.581258743
248.000              0.042692568             10.587756837
249.000              0.042547024             10.594209001
250.000              0.042402463             10.600615719
251.000              0.042258874             10.606977467
252.000              0.042116249             10.613294716
253.000              0.041974577             10.619567927
254.000              0.041833849             10.625797559
255.000              0.041694055             10.631984062
256.000              0.041555187             10.638127880
257.000              0.041417235             10.644229451
258.000              0.041280191             10.650289209
259.000              0.041144045             10.656307579
260.000              0.041008788             10.662284983
261.000              0.040874413             10.668221835
262.000              0.040740910             10.674118546
263.000              0.040608272             10.679975519
264.000              0.040476489             10.685793152
265.000              0.040345554             10.691571841
266.000              0.040215459             10.697311972
267.000              0.040086194             10.703013929
268.000              0.039957754             10.708678090
269.000              0.039830129             10.714304827
270.000              0.039703313             10.719894510
271.000              0.039577297             10.725447502
272.000              0.039452074             10.730964161
273.000              0.039327637             10.736444842
274.000              0.039203978             10.741889894
275.000              0.039081090             10.747299661
276.000              0.038958966             10.752674486
277.000              0.038837598             10.758014703
278.000              0.038716981             10.763320645
279.000              0.038597106             10.768592639
280.000              0.038477968             10.773831010
281.000              0.038359559             10.779036076
282.000              0.038241873             10.784208154
283.000              0.038124903             10.789347554
284.000              0.038008643             10.794454585
285.000              0.037893086             10.799529549
286.000              0.037778226             10.804572748
287.000              0.037664057             10.809584477
288.000              0.037550573             10.814565030
289.000              0.037437767             10.819514694
290.000              0.037325634             10.824433756
291.000              0.037214167             10.829322498
292.000              0.037103360             10.834181198
293.000              0.036993209             10.839010131
294.000              0.036883706             10.843809569
295.000              0.036774847             10.848579781
296.000              0.036666625             10.853321032
297.000              0.036559036             10.858033584
298.000              0.036452073             10.862717696
299.000              0.036345731             10.867373624
300.000              0.036240005             10.872001621
