 This file contains the energy (in cm-1)  of all the possible spin
 configurations using the J value set obtained.
  The J value set (cm-1) used is as follows:
  -3.16792468749176       -2.43292165200335        1.23396444312604     
  -3.00054504999025       -2.67828553850316       -2.68563420690921     
  -2.73020386685448       0.106685365003872       -1.81939448361403     
  -1.41263499665176       -1.32983057126325      -0.638618522558503     
  -2.33702103868750       -1.46057961758225       -2.01130247857483     
 Total possible spin configurations:          32
 Average Spin Density on each metal centre:
  3.04396  3.02833  3.75689  3.74611  2.96525  3.75704
 standard deviation for spins in the spin density file:
  0.0001(  0%)  0.0000(  0%)  0.0000(  0%)  0.0000(  0%)  0.0001(  0%)  0.0000(  0%)
     M  1       M  2       M  3       M  4       M  5       M  6     Energy(cm-1)
    3.04396    3.02833    3.75689    3.74611    2.96525    3.75704     147.2848
    3.04396    3.02833    3.75689    3.74611    2.96525   -3.75704      43.9773
    3.04396    3.02833    3.75689    3.74611   -2.96525    3.75704      57.9780
    3.04396    3.02833    3.75689    3.74611   -2.96525   -3.75704      -0.5154
    3.04396    3.02833    3.75689   -3.74611    2.96525    3.75704      63.9855
    3.04396    3.02833    3.75689   -3.74611    2.96525   -3.75704       1.7911
    3.04396    3.02833    3.75689   -3.74611   -2.96525    3.75704      26.5986
    3.04396    3.02833    3.75689   -3.74611   -2.96525   -3.75704       9.2184
    3.04396    3.02833   -3.75689    3.74611    2.96525    3.75704      45.1982
    3.04396    3.02833   -3.75689    3.74611    2.96525   -3.75704     -40.0814
    3.04396    3.02833   -3.75689    3.74611   -2.96525    3.75704     -14.4797
    3.04396    3.02833   -3.75689    3.74611   -2.96525   -3.75704     -54.9452
    3.04396    3.02833   -3.75689   -3.74611    2.96525    3.75704       1.6608
    3.04396    3.02833   -3.75689   -3.74611    2.96525   -3.75704     -42.5056
    3.04396    3.02833   -3.75689   -3.74611   -2.96525    3.75704      -6.0971
    3.04396    3.02833   -3.75689   -3.74611   -2.96525   -3.75704      -5.4494
    3.04396   -3.02833    3.75689    3.74611    2.96525    3.75704      36.8127
    3.04396   -3.02833    3.75689    3.74611    2.96525   -3.75704     -25.0942
    3.04396   -3.02833    3.75689    3.74611   -2.96525    3.75704     -54.4101
    3.04396   -3.02833    3.75689    3.74611   -2.96525   -3.75704     -71.5029
    3.04396   -3.02833    3.75689   -3.74611    2.96525    3.75704      15.4588
    3.04396   -3.02833    3.75689   -3.74611    2.96525   -3.75704      -5.3350
    3.04396   -3.02833    3.75689   -3.74611   -2.96525    3.75704     -23.8441
    3.04396   -3.02833    3.75689   -3.74611   -2.96525   -3.75704       0.1762
    3.04396   -3.02833   -3.75689    3.74611    2.96525    3.75704      -4.1644
    3.04396   -3.02833   -3.75689    3.74611    2.96525   -3.75704     -48.0435
    3.04396   -3.02833   -3.75689    3.74611   -2.96525    3.75704     -65.7583
    3.04396   -3.02833   -3.75689    3.74611   -2.96525   -3.75704     -64.8232
    3.04396   -3.02833   -3.75689   -3.74611    2.96525    3.75704      14.2436
    3.04396   -3.02833   -3.75689   -3.74611    2.96525   -3.75704      11.4777
    3.04396   -3.02833   -3.75689   -3.74611   -2.96525    3.75704       4.5697
    3.04396   -3.02833   -3.75689   -3.74611   -2.96525   -3.75704      46.6180
 Sorted Energies (Energies (cm-1) wrt to the ground state):
     M  1       M  2       M  3       M  4       M  5       M  6     Energy(cm-1)
    3.04396   -3.02833    3.75689    3.74611   -2.96525   -3.75704       0.0000
 
    3.04396   -3.02833   -3.75689    3.74611   -2.96525    3.75704       5.7446
    3.04396   -3.02833   -3.75689    3.74611   -2.96525   -3.75704       6.6797
 
    3.00000    3.00000   -3.00000    3.00000   -2.00000   -3.00000      16.5577
    3.00000   -3.00000    3.00000    3.00000   -2.00000    3.00000      17.0928
 
    3.00000   -3.00000   -3.00000    3.00000    2.00000   -3.00000      23.4595
 
    3.00000    3.00000   -3.00000   -3.00000    2.00000   -3.00000      28.9973
 
    3.00000    3.00000   -3.00000    3.00000    2.00000   -3.00000      31.4215
 
    3.00000   -3.00000    3.00000    3.00000    2.00000   -3.00000      46.4087
 
    3.00000   -3.00000    3.00000   -3.00000   -2.00000    3.00000      47.6589
 
    3.00000    3.00000   -3.00000    3.00000   -2.00000    3.00000      57.0232
 
    3.00000    3.00000   -3.00000   -3.00000   -2.00000    3.00000      65.4059
    3.00000    3.00000   -3.00000   -3.00000   -2.00000   -3.00000      66.0535
    3.00000   -3.00000    3.00000   -3.00000    2.00000   -3.00000      66.1679
 
    3.00000   -3.00000   -3.00000    3.00000    2.00000    3.00000      67.3385
 
    3.00000    3.00000    3.00000    3.00000   -2.00000   -3.00000      70.9875
    3.00000   -3.00000    3.00000   -3.00000   -2.00000   -3.00000      71.6792
 
    3.00000    3.00000   -3.00000   -3.00000    2.00000    3.00000      73.1637
    3.00000    3.00000    3.00000   -3.00000    2.00000   -3.00000      73.2940
 
    3.04396   -3.02833   -3.75689   -3.74611   -2.96525    3.75704      76.0727
 
    3.00000    3.00000    3.00000   -3.00000   -2.00000   -3.00000      80.7213
 
    3.00000   -3.00000   -3.00000   -3.00000    2.00000   -3.00000      82.9807
 
    3.00000   -3.00000   -3.00000   -3.00000    2.00000    3.00000      85.7465
 
    3.00000   -3.00000    3.00000   -3.00000    2.00000    3.00000      86.9617
 
    3.00000    3.00000    3.00000   -3.00000   -2.00000    3.00000      98.1016
 
    3.00000   -3.00000    3.00000    3.00000    2.00000    3.00000     108.3157
 
    3.00000    3.00000    3.00000    3.00000    2.00000   -3.00000     115.4802
 
    3.00000    3.00000   -3.00000    3.00000    2.00000    3.00000     116.7011
 
    3.04396   -3.02833   -3.75689   -3.74611   -2.96525   -3.75704     118.1209
 
    3.00000    3.00000    3.00000    3.00000   -2.00000    3.00000     129.4809
 
    3.00000    3.00000    3.00000   -3.00000    2.00000    3.00000     135.4884
 
    3.00000    3.00000    3.00000    3.00000    2.00000    3.00000     218.7877
  ---End Of File---
