3.0456467 3.0309773 3.7575808 -3.7453084 2.9681509 3.7577984 -8.604603211877053E+03
3.0473005 3.0315699 3.7576415 3.7463941 -2.9603805 3.7577785 -8.604603239090269E+03
3.0480416 3.0305855 3.7571131 3.7464609 2.9684949 -3.7558378 -8.604603303557677E+03
-3.0389424 3.0293619 3.7574133 3.7472269 2.9704797 3.7578598 -8.604603290553314E+03
-3.0420219 3.0273372 3.7570216 -3.7451528 2.9683870 3.7574214 -8.604603799609889E+03
-3.0408479 3.0283784 3.7569716 3.7465834 -2.9612781 3.7574566 -8.604603451902440E+03
-3.0396731 3.0274130 3.7567353 3.7468646 2.9683963 -3.7562014 -8.604603483007435E+03
3.0437276 -3.0243520 3.7569939 3.7460150 -2.9613614 3.7573676 -8.604603751395858E+03
3.0474610 3.0292570 -3.7561483 3.7458873 2.9651413 -3.7565240 -8.604603686328264E+03
3.0441382 3.0299430 3.7571980 -3.7458147 -2.9632834 3.7572440 -8.604603382860274E+03
3.0447968 3.0285198 3.7568221 -3.7458272 2.9658241 -3.7563460 -8.604603495522904E+03
3.0464073 3.0296473 3.7568823 3.7459408 -2.9626731 -3.7564494 -8.604603506307758E+03
-3.0443398 -3.0273155 3.7564892 3.7463781 -2.9618416 3.7569546 -8.604603698059800E+03
-3.0440361 3.0266934 3.7567165 -3.7457110 -2.9643839 3.7569803 -8.604603722578373E+03
-3.0416851 3.0267566 3.7563098 3.7463124 -2.9632922 -3.7567545 -8.604603439258739E+03
3.0429029 -3.0252492 -3.7565006 3.7455810 -2.9659351 3.7567137 -8.604603803811900E+03
3.0405777 -3.0264799 3.7567072 -3.7463153 -2.9644558 3.7569279 -8.604603613126805E+03
3.0428052 -3.0261386 3.7563448 3.7456725 -2.9642889 -3.7568500 -8.604603829695225E+03
-3.0455491 -3.0284961 3.7565644 -3.7455664 2.9665469 3.7571151 -8.604603754562762E+03
-3.0432829 -3.0278860 -3.7565294 3.7462483 2.9651810 3.7568766 -8.604603462325096E+03
3.0490515 3.0326451 3.7579528 3.7469803 2.9705504 3.7583309 -8.604602832183198E+03

