 This file contains the energy (in cm-1)  of all the possible spin
 configurations using the J value set obtained.
  The J value set (cm-1) used is as follows:
  -4.66962121608392       -2.88426905531006       -1.65094023605635     
 -0.410047244401277       -3.02741543779440       -2.43468526389921     
 -6.338752448342028E-002  -3.55076368306722       -1.71072211118987     
  -1.55466190859456     
 Total possible spin configurations:          32
 Average Spin Density on each metal centre:
  3.05960  3.06543  3.74695  2.98618  2.99350  3.74852
 standard deviation for spins in the spin density file:
  0.0001(  0%)  0.0001(  0%)  0.0000(  0%)  0.0001(  0%)  0.0001(  0%)  0.0000(  0%)
     M  1       M  2       M  3       M  4       M  5       M  6     Energy(cm-1)
    3.05960    3.06543    3.74695    2.98618    2.99350    3.74852     161.9538
    3.05960    3.06543    3.74695    2.98618    2.99350   -3.74852      69.2965
    3.05960    3.06543    3.74695    2.98618   -2.99350    3.74852      65.1551
    3.05960    3.06543    3.74695    2.98618   -2.99350   -3.74852       7.3882
    3.05960    3.06543    3.74695   -2.98618    2.99350    3.74852      65.2647
    3.05960    3.06543    3.74695   -2.98618    2.99350   -3.74852       7.4125
    3.05960    3.06543    3.74695   -2.98618   -2.99350    3.74852      22.5910
    3.05960    3.06543    3.74695   -2.98618   -2.99350   -3.74852      -0.3709
    3.05960    3.06543   -3.74695    2.98618    2.99350    3.74852      61.9884
    3.05960    3.06543   -3.74695    2.98618    2.99350   -3.74852     -19.1503
    3.05960    3.06543   -3.74695    2.98618   -2.99350    3.74852       3.5663
    3.05960    3.06543   -3.74695    2.98618   -2.99350   -3.74852     -42.6820
    3.05960    3.06543   -3.74695   -2.98618    2.99350    3.74852       3.5821
    3.05960    3.06543   -3.74695   -2.98618    2.99350   -3.74852     -42.7515
    3.05960    3.06543   -3.74695   -2.98618   -2.99350    3.74852      -0.7150
    3.05960    3.06543   -3.74695   -2.98618   -2.99350   -3.74852     -12.1583
    3.05960   -3.06543    3.74695    2.98618    2.99350    3.74852      38.1367
    3.05960   -3.06543    3.74695    2.98618    2.99350   -3.74852     -16.5791
    3.05960   -3.06543    3.74695    2.98618   -2.99350    3.74852     -57.4986
    3.05960   -3.06543    3.74695    2.98618   -2.99350   -3.74852     -77.3242
    3.05960   -3.06543    3.74695   -2.98618    2.99350    3.74852       6.4547
    3.05960   -3.06543    3.74695   -2.98618    2.99350   -3.74852     -13.4561
    3.05960   -3.06543    3.74695   -2.98618   -2.99350    3.74852     -35.0557
    3.05960   -3.06543    3.74695   -2.98618   -2.99350   -3.74852     -20.0762
    3.05960   -3.06543   -3.74695    2.98618    2.99350    3.74852      -5.8990
    3.05960   -3.06543   -3.74695    2.98618    2.99350   -3.74852     -49.0962
    3.05960   -3.06543   -3.74695    2.98618   -2.99350    3.74852     -63.1578
    3.05960   -3.06543   -3.74695    2.98618   -2.99350   -3.74852     -71.4647
    3.05960   -3.06543   -3.74695   -2.98618    2.99350    3.74852       0.7018
    3.05960   -3.06543   -3.74695   -2.98618    2.99350   -3.74852      -7.6904
    3.05960   -3.06543   -3.74695   -2.98618   -2.99350    3.74852      -2.4320
    3.05960   -3.06543   -3.74695   -2.98618   -2.99350   -3.74852      24.0661
 Sorted Energies (Energies (cm-1) wrt to the ground state):
     M  1       M  2       M  3       M  4       M  5       M  6     Energy(cm-1)
    3.05960   -3.06543    3.74695    2.98618   -2.99350   -3.74852       0.0000
 
    3.05960   -3.06543   -3.74695    2.98618   -2.99350   -3.74852       5.8595
 
    3.00000   -3.00000   -3.00000    2.00000   -2.00000    3.00000      14.1664
 
    3.00000   -3.00000    3.00000    2.00000   -2.00000    3.00000      19.8256
 
    3.00000   -3.00000   -3.00000    2.00000    2.00000   -3.00000      28.2279
 
    3.00000    3.00000   -3.00000   -2.00000    2.00000   -3.00000      34.5727
    3.00000    3.00000   -3.00000    2.00000   -2.00000   -3.00000      34.6421
 
    3.00000   -3.00000    3.00000   -2.00000   -2.00000    3.00000      42.2685
 
    3.00000   -3.00000    3.00000   -2.00000   -2.00000   -3.00000      57.2480
    3.00000    3.00000   -3.00000    2.00000    2.00000   -3.00000      58.1739
 
    3.00000   -3.00000    3.00000    2.00000    2.00000   -3.00000      60.7450
 
    3.00000   -3.00000    3.00000   -2.00000    2.00000   -3.00000      63.8680
 
    3.00000    3.00000   -3.00000   -2.00000   -2.00000   -3.00000      65.1659
 
    3.05960   -3.06543   -3.74695   -2.98618    2.99350   -3.74852      69.6337
 
    3.00000   -3.00000   -3.00000    2.00000    2.00000    3.00000      71.4252
 
    3.05960   -3.06543   -3.74695   -2.98618   -2.99350    3.74852      74.8921
 
    3.00000    3.00000   -3.00000   -2.00000   -2.00000    3.00000      76.6091
    3.00000    3.00000    3.00000   -2.00000   -2.00000   -3.00000      76.9533
 
    3.00000   -3.00000   -3.00000   -2.00000    2.00000    3.00000      78.0259
 
    3.00000    3.00000   -3.00000    2.00000   -2.00000    3.00000      80.8904
    3.00000    3.00000   -3.00000   -2.00000    2.00000    3.00000      80.9063
 
    3.00000   -3.00000    3.00000   -2.00000    2.00000    3.00000      83.7789
    3.00000    3.00000    3.00000    2.00000   -2.00000   -3.00000      84.7123
    3.00000    3.00000    3.00000   -2.00000    2.00000   -3.00000      84.7367
 
    3.00000    3.00000    3.00000   -2.00000   -2.00000    3.00000      99.9152
 
    3.05960   -3.06543   -3.74695   -2.98618   -2.99350   -3.74852     101.3903
 
    3.00000   -3.00000    3.00000    2.00000    2.00000    3.00000     115.4609
 
    3.00000    3.00000   -3.00000    2.00000    2.00000    3.00000     139.3125
 
    3.00000    3.00000    3.00000    2.00000   -2.00000    3.00000     142.4793
    3.00000    3.00000    3.00000   -2.00000    2.00000    3.00000     142.5889
 
    3.00000    3.00000    3.00000    2.00000    2.00000   -3.00000     146.6207
 
    3.00000    3.00000    3.00000    2.00000    2.00000    3.00000     239.2779
  ---End Of File---
